
Experiment no. : 0

Robocup-at-work torques :
J1 :0.000000
J2 :2.695598
J3 :3.681015
J4 :1.287528
J5 :0.000241
Robocup frame :
[[0.015414    ,0.429001    ,-0.903173   ;
 -0.999623   ,0.027132    ,-0.004172   ;
 0.022715    ,0.902896    ,0.429258    ]
[-0.148586   ,-0.000797   ,0.249268    ]]
Keiser's Torques :
J1 :0.000000
J2 :3.117907
J3 :-4.004034
J4 :1.294329
J5 :0.006669
Keiser's frame :
-0.338476 0.938427 0.036428 0.067409 
-0.004411 0.037176 -0.999299 0.000866 
-0.939123 -0.343473 -0.008632 -0.011539 
0.000000 0.000000 0.000000 1.000000 
Luhbot's model torques 
J1: 0.000000
J2: -3.445673
J3: -0.059119
J4: 0.841676
J5: 0.000000

Experiment no. : 1

Robocup-at-work torques :
J1 :0.000000
J2 :1.641139
J3 :-0.513266
J4 :1.194666
J5 :-0.002442
Robocup frame :
[[-0.146030   ,0.527130    ,-0.837143   ;
 -0.962100   ,-0.272671   ,-0.003867   ;
 -0.230303   ,0.804850    ,0.546970    ]
[-0.042770   ,-0.000308   ,0.429939    ]]
Keiser's Torques :
J1 :0.000000
J2 :1.629726
J3 :0.737598
J4 :1.195579
J5 :0.005945
Keiser's frame :
0.085077 0.960444 -0.261498 -0.152176 
0.001229 -0.262819 -0.964844 -0.001954 
-0.995405 0.092055 -0.026344 0.064061 
0.000000 0.000000 0.000000 1.000000 
Luhbot's model torques 
J1: 0.000000
J2: 0.062238
J3: 2.457983
J4: 0.738937
J5: 0.000000

Experiment no. : 2

Robocup-at-work torques :
J1 :0.000000
J2 :-7.259156
J3 :-2.683443
J4 :-1.416052
J5 :0.001538
Robocup frame :
[[0.018863    ,-0.096379   ,0.995166    ;
 -0.989253   ,-0.146144   ,0.004597    ;
 0.144994    ,-0.984557   ,-0.098100   ]
[0.388150    ,0.001682    ,0.288772    ]]
Keiser's Torques :
J1 :0.000000
J2 :-7.570684
J3 :2.867602
J4 :-1.433358
J5 :-0.007273
Keiser's frame :
0.042943 0.985707 -0.132212 0.327482 
0.001341 -0.133078 -0.991105 0.004205 
-0.994533 0.103307 -0.015217 -0.040588 
0.000000 0.000000 0.000000 1.000000 
Luhbot's model torques 
J1: 0.000000
J2: -1.813339
J3: 0.801423
J4: -1.141163
J5: 0.000000

Experiment no. : 3

Robocup-at-work torques :
J1 :0.000000
J2 :3.405532
J3 :2.389182
J4 :-0.010906
J5 :0.000137
Robocup frame :
[[-0.490257   ,-0.871173   ,0.026561    ;
 0.871482    ,-0.490428   ,0.000123    ;
 0.012919    ,0.023207    ,0.999647    ]
[-0.091737   ,-0.000535   ,0.467656    ]]
Keiser's Torques :
J1 :0.000000
J2 :3.851657
J3 :-2.656611
J4 :-0.061601
J5 :0.000172
Keiser's frame :
0.972781 -0.000075 -0.014737 0.284706 
0.012839 -0.486416 0.873633 0.003656 
-0.007234 -0.873728 -0.486362 0.412062 
0.000000 0.000000 0.000000 1.000000 
Luhbot's model torques 
J1: 0.000000
J2: -1.577947
J3: 1.285800
J4: -0.383138
J5: 0.000000

Experiment no. : 4

Robocup-at-work torques :
J1 :0.000000
J2 :-4.903174
J3 :-3.620441
J4 :-1.422305
J5 :-0.010325
Robocup frame :
[[-0.022879   ,0.000595    ,0.999738    ;
 0.227141    ,0.973851    ,0.004619    ;
 -0.973593   ,0.227187    ,-0.022416   ]
[0.327589    ,0.001403    ,0.350175    ]]
Keiser's Torques :
J1 :0.000000
J2 :-5.127376
J3 :3.930121
J4 :-1.441711
J5 :0.001678
Keiser's frame :
0.276544 0.205320 -0.936498 0.076100 
0.003650 0.976561 0.215211 0.000977 
0.958734 -0.064599 0.276867 0.630333 
0.000000 0.000000 0.000000 1.000000 
Luhbot's model torques 
J1: 0.000000
J2: -3.485140
J3: -0.054986
J4: -1.132286
J5: 0.000000

Experiment no. : 5

Robocup-at-work torques :
J1 :-0.000000
J2 :5.146527
J3 :3.861640
J4 :1.109366
J5 :0.003093
Robocup frame :
[[-0.227059   ,-0.578537   ,-0.783415   ;
 -0.929191   ,0.369582    ,-0.003619   ;
 0.291630    ,0.727120    ,-0.621489   ]
[-0.218880   ,-0.001122   ,0.213661    ]]
Keiser's Torques :
J1 :0.000000
J2 :5.729667
J3 :-4.257234
J4 :1.140511
J5 :0.005371
Keiser's frame :
-0.156828 -0.920336 -0.355262 0.045024 
-0.002101 0.360439 -0.932780 0.000578 
0.986521 -0.151875 -0.060908 0.609676 
0.000000 0.000000 0.000000 1.000000 
Luhbot's model torques 
J1: 0.000000
J2: -0.372779
J3: 2.367981
J4: 1.262924
J5: 0.000000

Experiment no. : 6

Robocup-at-work torques :
J1 :0.000000
J2 :-4.868536
J3 :-3.603971
J4 :-0.911505
J5 :0.003570
Robocup frame :
[[-0.394424   ,0.654034    ,0.645499    ;
 -0.855026   ,-0.518577   ,0.002982    ;
 0.336691    ,-0.550742   ,0.763755    ]
[0.302963    ,0.001289    ,0.324158    ]]
Keiser's Torques :
J1 :0.000000
J2 :-5.176335
J3 :3.998110
J4 :-0.949041
J5 :-0.004068
Keiser's frame :
-0.487717 0.745042 -0.440453 -0.174442 
-0.006432 -0.512092 -0.858907 -0.002240 
-0.865474 -0.427403 0.261305 0.128520 
0.000000 0.000000 0.000000 1.000000 
Luhbot's model torques 
J1: 0.000000
J2: -5.808001
J3: -2.380145
J4: -1.109673
J5: 0.000000

Experiment no. : 7

Robocup-at-work torques :
J1 :0.000000
J2 :3.052660
J3 :4.073539
J4 :1.340930
J5 :-0.001700
Robocup frame :
[[-0.064885   ,-0.346275   ,-0.935887   ;
 0.984935    ,-0.172873   ,-0.004324   ;
 -0.160292   ,-0.922068   ,0.352275    ]
[-0.167746   ,-0.000886   ,0.347459    ]]
Keiser's Torques :
J1 :0.000000
J2 :3.513778
J3 :-4.436986
J4 :1.342506
J5 :-0.006811
Keiser's frame :
0.968059 -0.173662 -0.043217 0.409657 
0.012633 -0.173490 0.984755 0.005260 
-0.178512 -0.969403 -0.168495 0.248701 
0.000000 0.000000 0.000000 1.000000 
Luhbot's model torques 
J1: 0.000000
J2: -1.321186
J3: 2.155418
J4: 0.990223
J5: 0.000000

Experiment no. : 8

Robocup-at-work torques :
J1 :0.000000
J2 :5.579056
J3 :3.993358
J4 :1.397610
J5 :0.003101
Robocup frame :
[[0.056929    ,-0.197313   ,-0.978686   ;
 0.954602    ,0.297849    ,-0.004521   ;
 0.292392    ,-0.933999   ,0.205312    ]
[-0.247760   ,-0.001255   ,0.230799    ]]
Keiser's Torques :
J1 :0.000000
J2 :6.129510
J3 :-4.346896
J4 :1.408034
J5 :-0.006899
Keiser's frame :
0.887604 -0.313590 0.084726 0.314946 
0.012144 0.294780 0.955488 0.004044 
-0.324607 -0.902644 0.282603 0.260609 
0.000000 0.000000 0.000000 1.000000 
Luhbot's model torques 
J1: 0.000000
J2: -1.987654
J3: 0.602702
J4: 1.065974
J5: 0.000000

Experiment no. : 9

Robocup-at-work torques :
J1 :0.000000
J2 :-3.982059
J3 :-2.658356
J4 :-1.420552
J5 :0.007597
Robocup frame :
[[0.046297    ,0.051307    ,0.997609    ;
 0.696199    ,-0.717834   ,0.004609    ;
 0.716354    ,0.694322    ,-0.068953   ]
[0.282966    ,0.001196    ,0.379966    ]]
Keiser's Torques :
J1 :0.000000
J2 :-4.078103
J3 :2.837933
J4 :-1.437196
J5 :0.005129
Keiser's frame :
0.912402 0.246735 0.236103 0.279743 
0.012069 -0.714935 0.699086 0.003592 
0.341288 -0.654209 -0.674932 0.506978 
0.000000 0.000000 0.000000 1.000000 
Luhbot's model torques 
J1: 0.000000
J2: -2.783130
J3: 0.736212
J4: -1.223490
J5: 0.000000

Experiment no. : 10

Robocup-at-work torques :
J1 :0.000000
J2 :-3.476499
J3 :-2.860292
J4 :-0.213482
J5 :-0.000204
Robocup frame :
[[0.107240    ,-0.979659   ,0.169609    ;
 0.994047    ,0.108950    ,0.000784    ;
 -0.019247   ,0.168516    ,0.985511    ]
[0.218096    ,0.000897    ,0.446210    ]]
Keiser's Torques :
J1 :0.000000
J2 :-3.760471
J3 :3.259956
J4 :-0.263233
J5 :0.001245
Keiser's frame :
-0.886794 -0.452498 0.038770 -0.260438 
-0.011440 0.107700 0.994118 -0.003344 
-0.454012 0.885238 -0.101129 0.274397 
0.000000 0.000000 0.000000 1.000000 
Luhbot's model torques 
J1: 0.000000
J2: -3.603662
J3: -0.288550
J4: -0.638702
J5: 0.000000

Experiment no. : 11

Robocup-at-work torques :
J1 :-0.000000
J2 :-4.004854
J3 :0.941873
J4 :1.092324
J5 :0.007113
Robocup frame :
[[0.571621    ,0.303521    ,-0.762315   ;
 -0.472628   ,0.881255    ,-0.003522   ;
 0.670725    ,0.362305    ,0.647196    ]
[0.117925    ,0.000434    ,0.348168    ]]
Keiser's Torques :
J1 :0.000000
J2 :-4.211315
J3 :-0.921597
J4 :1.090993
J5 :0.002676
Keiser's frame :
0.093704 0.171580 0.344636 0.422584 
0.011851 0.882107 -0.470901 0.005426 
-0.384802 0.438689 0.812083 -0.051546 
0.000000 0.000000 0.000000 1.000000 
Luhbot's model torques 
J1: 0.000000
J2: 1.064221
J3: 2.902679
J4: 0.450793
J5: 0.000000

Experiment no. : 12

Robocup-at-work torques :
J1 :0.000000
J2 :4.096610
J3 :2.943264
J4 :0.216171
J5 :-0.000972
Robocup frame :
[[0.575824    ,-0.802117   ,-0.158222   ;
 -0.812418   ,-0.583075   ,-0.000731   ;
 -0.091669   ,0.128963    ,-0.987403   ]
[-0.131595   ,-0.000719   ,0.172996    ]]
Keiser's Torques :
J1 :0.000000
J2 :4.676752
J3 :-3.340138
J4 :0.251897
J5 :0.000953
Keiser's frame :
-0.768381 -0.486364 0.361487 -0.086660 
-0.010214 -0.585678 -0.810480 -0.001113 
0.605903 -0.648407 0.460923 0.525976 
0.000000 0.000000 0.000000 1.000000 
Luhbot's model torques 
J1: 0.000000
J2: -1.035999
J3: 1.766304
J4: 0.585413
J5: 0.000000

Experiment no. : 13

Robocup-at-work torques :
J1 :0.000000
J2 :-5.679331
J3 :-1.666012
J4 :0.736280
J5 :-0.003150
Robocup frame :
[[-0.494183   ,0.702393    ,-0.512276   ;
 -0.817042   ,-0.576573   ,-0.002367   ;
 -0.297027   ,0.417382    ,0.858817    ]
[0.225887    ,0.000933    ,0.391889    ]]
Keiser's Torques :
J1 :0.000000
J2 :-6.091239
J3 :2.001391
J4 :0.718290
J5 :0.003083
Keiser's frame :
-0.405671 -0.600681 0.443254 0.109503 
-0.008544 -0.587594 -0.809111 0.001406 
0.746471 -0.542140 0.385831 0.496521 
0.000000 0.000000 0.000000 1.000000 
Luhbot's model torques 
J1: 0.000000
J2: -1.898349
J3: 1.204530
J4: 0.238174
J5: 0.000000

Experiment no. : 14

Robocup-at-work torques :
J1 :0.000000
J2 :2.138886
J3 :2.954363
J4 :0.125011
J5 :0.000632
Robocup frame :
[[0.829511    ,-0.553901   ,-0.071444   ;
 0.555301    ,0.831650    ,-0.000330   ;
 0.059599    ,-0.039399   ,0.997445    ]
[-0.067701   ,-0.000424   ,0.388982    ]]
Keiser's Torques :
J1 :0.000000
J2 :2.584706
J3 :-3.293242
J4 :0.089540
J5 :-0.000291
Keiser's frame :
-0.329064 -0.530789 0.779690 0.108999 
-0.004265 0.827467 0.561498 0.001400 
-0.943205 0.183195 -0.277136 0.049734 
0.000000 0.000000 0.000000 1.000000 
Luhbot's model torques 
J1: 0.000000
J2: -3.607776
J3: -0.251768
J4: -0.468342
J5: 0.000000

Experiment no. : 15

Robocup-at-work torques :
J1 :-0.000000
J2 :2.979980
J3 :3.626543
J4 :1.422057
J5 :-0.000219
Robocup frame :
[[-0.005542   ,-0.044500   ,-0.998994   ;
 0.999771    ,-0.020914   ,-0.004615   ;
 -0.020688   ,-0.998790   ,0.044606    ]
[-0.161905   ,-0.000859   ,0.188030    ]]
Keiser's Torques :
J1 :0.000000
J2 :3.403446
J3 :-3.935636
J4 :1.440032
J5 :-0.007378
Keiser's frame :
-0.041443 -0.998570 -0.033499 0.125155 
-0.000535 -0.033506 0.999438 0.001607 
-0.999132 0.041656 0.000862 -0.021107 
0.000000 0.000000 0.000000 1.000000 
Luhbot's model torques 
J1: 0.000000
J2: -3.282371
J3: 0.123507
J4: 1.193164
J5: 0.000000

Experiment no. : 16

Robocup-at-work torques :
J1 :0.000000
J2 :5.600778
J3 :2.814407
J4 :1.315715
J5 :-0.008063
Robocup frame :
[[-0.316795   ,0.222844    ,-0.921945   ;
 -0.567019   ,-0.823694   ,-0.004259   ;
 -0.760349   ,0.521411    ,0.387298    ]
[-0.225561   ,-0.001153   ,0.403888    ]]
Keiser's Torques :
J1 :0.000000
J2 :6.031671
J3 :-3.017631
J4 :1.319792
J5 :0.003851
Keiser's frame :
-0.783446 -0.137147 0.222711 -0.353936 
-0.012394 -0.826559 -0.562714 -0.004545 
0.261258 -0.545886 0.796086 0.434028 
0.000000 0.000000 0.000000 1.000000 
Luhbot's model torques 
J1: 0.000000
J2: 1.386255
J3: 3.352194
J4: 0.991920
J5: 0.000000

Experiment no. : 17

Robocup-at-work torques :
J1 :0.000000
J2 :-3.591527
J3 :1.213575
J4 :0.212267
J5 :-0.001148
Robocup frame :
[[-0.811324   ,-0.569336   ,-0.132702   ;
 0.574483    ,-0.818516   ,-0.000613   ;
 -0.108270   ,-0.076732   ,0.991156    ]
[0.139094    ,0.000532    ,0.412464    ]]
Keiser's Torques :
J1 :0.000000
J2 :-3.660451
J3 :-1.300617
J4 :0.165900
J5 :-0.000567
Keiser's frame :
-0.008997 -0.567413 -0.822782 0.201090 
-0.000421 -0.823215 0.567729 0.002582 
-0.999464 0.018938 0.026721 -0.160535 
0.000000 0.000000 0.000000 1.000000 
Luhbot's model torques 
J1: 0.000000
J2: 0.000000
J3: 2.273431
J4: -0.135250
J5: 0.000000

Experiment no. : 18

Robocup-at-work torques :
J1 :0.000000
J2 :-3.337259
J3 :-0.737342
J4 :-1.350558
J5 :0.009011
Robocup frame :
[[-0.269999   ,0.141839    ,0.952356    ;
 -0.452853   ,-0.891574   ,0.004400    ;
 0.849720    ,-0.430090   ,0.304956    ]
[0.228552    ,0.000945    ,0.422530    ]]
Keiser's Torques :
J1 :0.000000
J2 :-3.269324
J3 :0.686362
J4 :-1.381668
J5 :-0.003177
Keiser's frame :
0.333502 0.428142 -0.817495 0.323368 
0.004947 -0.886808 -0.462112 0.004152 
-0.922811 0.173972 -0.343736 0.120605 
0.000000 0.000000 0.000000 1.000000 
Luhbot's model torques 
J1: 0.000000
J2: -2.393450
J3: 1.144588
J4: -1.298926
J5: 0.000000

Experiment no. : 19

Robocup-at-work torques :
J1 :0.000000
J2 :4.054572
J3 :2.618346
J4 :1.322465
J5 :0.009497
Robocup frame :
[[0.368284    ,-0.099006   ,-0.924427   ;
 0.249599    ,0.968340    ,-0.004271   ;
 0.895582    ,-0.229163   ,0.381336    ]
[-0.174530   ,-0.000917   ,0.189701    ]]
Keiser's Torques :
J1 :0.000000
J2 :4.423649
J3 :-2.795088
J4 :1.328579
J5 :-0.001693
Keiser's frame :
-0.344206 -0.243406 0.899549 0.026305 
-0.004658 0.965748 0.259440 0.000338 
-0.931886 0.089915 -0.351430 0.031891 
0.000000 0.000000 0.000000 1.000000 
Luhbot's model torques 
J1: 0.000000
J2: -3.689105
J3: -1.106489
J4: 0.819272
J5: 0.000000

Experiment no. : 20

Robocup-at-work torques :
J1 :-0.000000
J2 :7.113487
J3 :2.928014
J4 :0.093826
J5 :0.000422
Robocup frame :
[[0.804805    ,-0.591495   ,-0.049219   ;
 0.592203    ,0.805788    ,-0.000227   ;
 0.039795    ,-0.028965   ,0.998788    ]
[-0.219341   ,-0.001124   ,0.328699    ]]
Keiser's Torques :
J1 :0.000000
J2 :7.694259
J3 :-3.266551
J4 :0.057276
J5 :-0.000214
Keiser's frame :
0.421766 0.325111 -0.468514 0.011412 
0.010548 0.812769 0.582490 0.000147 
0.570168 -0.483435 0.664228 0.467889 
0.000000 0.000000 0.000000 1.000000 
Luhbot's model torques 
J1: 0.000000
J2: -0.417498
J3: 0.007956
J4: -0.490663
J5: 0.000000

Experiment no. : 21

Robocup-at-work torques :
J1 :-0.000000
J2 :-3.377351
J3 :-3.412885
J4 :-1.011316
J5 :-0.007446
Robocup frame :
[[-0.711280   ,-0.026097   ,0.702424    ;
 -0.033465   ,0.999435    ,0.003245    ;
 -0.702112   ,-0.021199   ,-0.711751   ]
[0.258684    ,0.001084    ,0.250603    ]]
Keiser's Torques :
J1 :0.000000
J2 :-3.545019
J3 :3.723246
J4 :-1.004385
J5 :-0.000157
Keiser's frame :
0.270490 -0.041909 -0.961771 -0.032346 
0.003475 0.999088 -0.042558 -0.000415 
0.962677 0.008175 0.270528 0.575728 
0.000000 0.000000 0.000000 1.000000 
Luhbot's model torques 
J1: 0.000000
J2: -2.675435
J3: 0.552781
J4: -0.335883
J5: 0.000000

Experiment no. : 22

Robocup-at-work torques :
J1 :-0.000000
J2 :4.420415
J3 :0.608031
J4 :0.925938
J5 :0.000439
Robocup frame :
[[0.045697    ,-0.770546   ,-0.635745   ;
 0.998096    ,0.061615    ,-0.002937   ;
 0.041434    ,-0.634400   ,0.771894    ]
[-0.133897   ,-0.000729   ,0.444086    ]]
Keiser's Torques :
J1 :0.000000
J2 :4.597472
J3 :-0.543122
J4 :0.902140
J5 :-0.004686
Keiser's frame :
-0.252544 -0.911657 0.046700 -0.304640 
-0.005243 0.053499 0.998554 -0.003912 
-0.912837 0.407455 -0.026623 -0.002122 
0.000000 0.000000 0.000000 1.000000 
Luhbot's model torques 
J1: 0.000000
J2: 1.762454
J3: 2.807727
J4: 0.394724
J5: 0.000000

Experiment no. : 23

Robocup-at-work torques :
J1 :-0.000000
J2 :-0.673144
J3 :-4.013097
J4 :-1.205286
J5 :0.005552
Robocup frame :
[[0.337956    ,0.429364    ,0.837516    ;
 0.782098    ,-0.623143   ,0.003869    ;
 0.523553    ,0.653712    ,-0.546399   ]
[0.193165    ,0.000782    ,0.176264    ]]
Keiser's Torques :
J1 :0.000000
J2 :-0.796755
J3 :4.373958
J4 :-1.194717
J5 :0.004829
Keiser's frame :
-0.563657 -0.478268 -0.399470 -0.269035 
-0.010043 -0.631292 0.775480 -0.003455 
-0.623069 0.610516 0.488932 -0.009766 
0.000000 0.000000 0.000000 1.000000 
Luhbot's model torques 
J1: 0.000000
J2: -2.335168
J3: -1.036240
J4: -0.835233
J5: 0.000000

Experiment no. : 24

Robocup-at-work torques :
J1 :0.000000
J2 :1.985937
J3 :-0.759512
J4 :-1.204103
J5 :-0.002863
Robocup frame :
[[0.172117    ,0.498834    ,0.849435    ;
 -0.947346   ,0.320188    ,0.003924    ;
 -0.270021   ,-0.805384   ,0.527678    ]
[0.055870    ,0.000147    ,0.445313    ]]
Keiser's Torques :
J1 :0.000000
J2 :2.242295
J3 :0.729980
J4 :-1.234358
J5 :-0.005950
Keiser's frame :
0.083732 -0.947155 -0.303983 -0.152375 
0.001315 0.305719 -0.952121 -0.001957 
0.994739 0.097125 0.032560 0.555556 
0.000000 0.000000 0.000000 1.000000 
Luhbot's model torques 
J1: 0.000000
J2: -0.711064
J3: 1.156084
J4: -1.287185
J5: 0.000000

Experiment no. : 25

Robocup-at-work torques :
J1 :0.000000
J2 :-5.251934
J3 :-2.418506
J4 :-1.398954
J5 :-0.002442
Robocup frame :
[[-0.051600   ,0.193714    ,0.979700    ;
 0.971753    ,0.235957    ,0.004526    ;
 -0.230290   ,0.952260    ,-0.200417   ]
[0.318346    ,0.001360    ,0.094553    ]]
Keiser's Torques :
J1 :0.000000
J2 :-5.394975
J3 :2.564861
J4 :-1.409488
J5 :0.007034
Keiser's frame :
-0.421516 -0.842378 0.190531 -0.126751 
-0.006473 0.224288 0.974501 -0.001628 
-0.863633 0.489994 -0.118512 0.082923 
0.000000 0.000000 0.000000 1.000000 
Luhbot's model torques 
J1: 0.000000
J2: -6.983711
J3: -3.560095
J4: -1.075556
J5: 0.000000

Experiment no. : 26

Robocup-at-work torques :
J1 :0.000000
J2 :-6.468943
J3 :-1.833214
J4 :-0.735441
J5 :0.005150
Robocup frame :
[[-0.778501   ,-0.335985   ,0.530142    ;
 0.397655    ,-0.917532   ,0.002449    ;
 0.485599    ,0.212720    ,0.847906    ]
[0.319733    ,0.001366    ,0.409888    ]]
Keiser's Torques :
J1 :0.000000
J2 :-6.799022
J3 :2.029260
J4 :-0.787105
J5 :0.001572
Keiser's frame :
0.324515 -0.198913 -0.486045 0.486584 
0.010927 -0.918589 0.395063 0.006248 
-0.525058 -0.341509 -0.779542 0.040367 
0.000000 0.000000 0.000000 1.000000 
Luhbot's model torques 
J1: 0.000000
J2: -1.435921
J3: 1.098153
J4: -0.937787
J5: 0.000000

Experiment no. : 27

Robocup-at-work torques :
J1 :-0.000000
J2 :7.180804
J3 :2.947014
J4 :0.753510
J5 :-0.005271
Robocup frame :
[[0.767308    ,0.341595    ,-0.542726   ;
 0.405222    ,-0.914215   ,-0.002507   ;
 -0.497025   ,-0.218001   ,-0.839906   ]
[-0.250785   ,-0.001269   ,0.167359    ]]
Keiser's Torques :
J1 :0.000000
J2 :7.765169
J3 :-3.289432
J4 :0.805044
J5 :-0.001611
Keiser's frame :
-0.119683 -0.378110 -0.893962 -0.280445 
-0.003089 -0.920703 0.390251 -0.003601 
-0.970632 0.096636 0.220307 0.059681 
0.000000 0.000000 0.000000 1.000000 
Luhbot's model torques 
J1: 0.000000
J2: 2.377090
J3: 2.908299
J4: 0.951413
J5: 0.000000

Experiment no. : 28

Robocup-at-work torques :
J1 :0.000000
J2 :-7.366031
J3 :-2.683667
J4 :-1.188704
J5 :-0.002380
Robocup frame :
[[0.136852    ,-0.514940   ,0.846232    ;
 0.964831    ,0.262842    ,0.003909    ;
 -0.224438   ,0.815936    ,0.532800    ]
[0.381997    ,0.001654    ,0.126423    ]]
Keiser's Torques :
J1 :0.000000
J2 :-7.745540
J3 :2.923650
J4 :-1.230034
J5 :0.006027
Keiser's frame :
-0.350186 -0.174365 0.034651 -0.059790 
-0.012636 0.263026 0.964706 -0.000768 
-0.177325 0.948901 -0.261040 0.296704 
0.000000 0.000000 0.000000 1.000000 
Luhbot's model torques 
J1: 0.000000
J2: -6.013729
J3: -3.633768
J4: -1.272138
J5: 0.000000

Experiment no. : 29

Robocup-at-work torques :
J1 :0.000000
J2 :-5.802238
J3 :-1.040232
J4 :-0.135999
J5 :-0.001066
Robocup frame :
[[0.897433    ,-0.426937   ,0.111083    ;
 0.429544    ,0.903046    ,0.000513    ;
 -0.100532   ,0.047255    ,0.993811    ]
[0.260015    ,0.001090    ,0.419850    ]]
Keiser's Torques :
J1 :0.000000
J2 :-6.107917
J3 :1.196141
J4 :-0.173163
J5 :0.000349
Keiser's frame :
0.280641 -0.181679 0.356356 0.489876 
0.011769 0.902762 0.429980 0.006290 
-0.399823 -0.389890 0.829534 0.028595 
0.000000 0.000000 0.000000 1.000000 
Luhbot's model torques 
J1: 0.000000
J2: -0.894415
J3: 1.430298
J4: -0.698813
J5: 0.000000

Experiment no. : 30

Robocup-at-work torques :
J1 :-0.000000
J2 :4.220032
J3 :2.428001
J4 :-0.190219
J5 :0.001311
Robocup frame :
[[-0.857257   ,0.494821    ,0.142346    ;
 -0.499829   ,-0.866124   ,0.000658    ;
 0.123614    ,-0.070585   ,0.989817    ]
[-0.111076   ,-0.000624   ,0.438716    ]]
Keiser's Torques :
J1 :0.000000
J2 :4.728919
J3 :-2.733897
J4 :-0.231169
J5 :-0.000522
Keiser's frame :
0.914217 0.076328 -0.107786 0.239589 
0.012728 -0.867505 -0.497266 0.003076 
-0.131460 0.491538 -0.860877 0.386711 
0.000000 0.000000 0.000000 1.000000 
Luhbot's model torques 
J1: 0.000000
J2: -1.647567
J3: 0.831516
J4: -0.516635
J5: 0.000000

Experiment no. : 31

Robocup-at-work torques :
J1 :-0.000000
J2 :-6.826422
J3 :-1.959126
J4 :-1.419509
J5 :0.001790
Robocup frame :
[[-0.005051   ,0.056784    ,0.998374    ;
 -0.985644   ,-0.168771   ,0.004612    ;
 0.168759    ,-0.984018   ,0.056821    ]
[0.363537    ,0.001569    ,0.290980    ]]
Keiser's Torques :
J1 :0.000000
J2 :-7.084857
J3 :2.051291
J4 :-1.441214
J5 :-0.007269
Keiser's frame :
-0.139605 0.763032 -0.117853 0.125626 
-0.008161 -0.159274 -0.987201 0.001613 
-0.772036 -0.626430 0.107449 -0.095817 
0.000000 0.000000 0.000000 1.000000 
Luhbot's model torques 
J1: 0.000000
J2: -1.026469
J3: 1.045738
J4: -1.223842
J5: 0.000000

Experiment no. : 32

Robocup-at-work torques :
J1 :-0.000000
J2 :1.658136
J3 :3.256823
J4 :1.389580
J5 :0.004474
Robocup frame :
[[0.096661    ,-0.211420   ,-0.972604   ;
 0.901468    ,0.432822    ,-0.004493   ;
 0.421915    ,-0.876337   ,0.232425    ]
[-0.112917   ,-0.000633   ,0.392892    ]]
Keiser's Torques :
J1 :0.000000
J2 :1.985583
J3 :-3.514085
J4 :1.399019
J5 :-0.006473
Keiser's frame :
0.617867 0.681449 -0.342358 0.350712 
0.008306 0.442604 0.896679 0.004503 
0.762570 -0.582862 0.280640 0.494906 
0.000000 0.000000 0.000000 1.000000 
Luhbot's model torques 
J1: 0.000000
J2: -0.325932
J3: 3.220459
J4: 1.031453
J5: 0.000000

Experiment no. : 33

Robocup-at-work torques :
J1 :0.000000
J2 :-1.635582
J3 :2.251390
J4 :-0.183203
J5 :0.000992
Robocup frame :
[[-0.679750   ,0.720775    ,0.135732    ;
 -0.727448   ,-0.686162   ,0.000627    ;
 0.093586    ,-0.098312   ,0.990745    ]
[0.075509    ,0.000238    ,0.412849    ]]
Keiser's Torques :
J1 :0.000000
J2 :-1.416819
J3 :-2.536918
J4 :-0.220346
J5 :-0.000726
Keiser's frame :
-0.463648 0.510210 -0.467983 0.042360 
-0.009266 -0.683009 -0.730351 0.000544 
-0.692269 -0.522670 0.497573 -0.030343 
0.000000 0.000000 0.000000 1.000000 
Luhbot's model torques 
J1: 0.000000
J2: -2.087695
J3: 1.086574
J4: -0.540362
J5: 0.000000

Experiment no. : 34

Robocup-at-work torques :
J1 :0.000000
J2 :-0.101896
J3 :2.756721
J4 :1.025119
J5 :0.005092
Robocup frame :
[[0.471597    ,0.514724    ,-0.716000   ;
 -0.739604   ,0.673034    ,-0.003308   ;
 0.480189    ,0.531116    ,0.698093    ]
[-0.034130   ,-0.000269   ,0.440282    ]]
Keiser's Torques :
J1 :0.000000
J2 :0.127144
J3 :-2.983951
J4 :1.022438
J5 :0.003923
Keiser's frame :
0.826823 0.079524 0.089203 0.465704 
0.012749 0.671705 -0.740709 0.005980 
-0.118822 0.736538 0.665878 0.215669 
0.000000 0.000000 0.000000 1.000000 
Luhbot's model torques 
J1: 0.000000
J2: -0.857023
J3: 2.646762
J4: 0.385484
J5: 0.000000

Experiment no. : 35

Robocup-at-work torques :
J1 :-0.000000
J2 :7.527038
J3 :3.704381
J4 :1.419375
J5 :0.009201
Robocup frame :
[[-0.045558   ,-0.031264   ,-0.998472   ;
 -0.495119   ,0.868813    ,-0.004613   ;
 0.867630    ,0.494153    ,-0.055061   ]
[-0.303608   ,-0.001513   ,0.281223    ]]
Keiser's Torques :
J1 :0.000000
J2 :8.093533
J3 :-4.028856
J4 :1.440897
J5 :0.003650
Keiser's frame :
-0.615931 -0.013709 0.001874 -0.410873 
-0.012839 0.868831 -0.494943 -0.005276 
0.005157 -0.494920 -0.868923 0.330110 
0.000000 0.000000 0.000000 1.000000 
Luhbot's model torques 
J1: 0.000000
J2: 2.014524
J3: 3.048564
J4: 1.176534
J5: 0.000000

Experiment no. : 36

Robocup-at-work torques :
J1 :-0.000000
J2 :2.534810
J3 :0.696947
J4 :-0.711569
J5 :0.001985
Robocup frame :
[[-0.315636   ,0.803317    ,0.505031    ;
 -0.930230   ,-0.366969   ,0.002333    ;
 0.187205    ,-0.469059   ,0.863098    ]
[-0.007518   ,-0.000146   ,0.487701    ]]
Keiser's Torques :
J1 :0.000000
J2 :2.890097
J3 :-0.847933
J4 :-0.747812
J5 :-0.003465
Keiser's frame :
0.629854 -0.671065 0.281673 0.082070 
0.008806 -0.379349 -0.925212 0.001054 
0.727730 0.636998 -0.254250 0.577403 
0.000000 0.000000 0.000000 1.000000 
Luhbot's model torques 
J1: 0.000000
J2: -1.134025
J3: 1.319409
J4: -0.993004
J5: 0.000000

Experiment no. : 37

Robocup-at-work torques :
J1 :0.000000
J2 :-3.758950
J3 :-3.471277
J4 :-0.771586
J5 :0.004696
Robocup frame :
[[0.700783    ,-0.471204   ,0.535603    ;
 -0.559287   ,-0.828970   ,0.002474    ;
 0.442833    ,-0.301290   ,-0.844466   ]
[0.261567    ,0.001098    ,0.202564    ]]
Keiser's Torques :
J1 :0.000000
J2 :-3.965455
J3 :3.807391
J4 :-0.750739
J5 :-0.002225
Keiser's frame :
0.118336 -0.547879 0.828139 -0.062176 
0.001520 -0.833903 -0.551909 -0.000798 
0.992967 0.066595 -0.097886 0.567735 
0.000000 0.000000 0.000000 1.000000 
Luhbot's model torques 
J1: 0.000000
J2: -3.342357
J3: -0.106403
J4: -0.321167
J5: 0.000000

Experiment no. : 38

Robocup-at-work torques :
J1 :-0.000000
J2 :3.511299
J3 :2.800975
J4 :-0.031734
J5 :-0.000107
Robocup frame :
[[-0.642649   ,-0.766002   ,0.015619    ;
 -0.766095   ,0.642728    ,0.000072    ;
 -0.010094   ,-0.011920   ,-0.999878   ]
[-0.100225   ,-0.000574   ,0.143957    ]]
Keiser's Torques :
J1 :0.000000
J2 :4.078408
J3 :-3.200013
J4 :-0.007599
J5 :-0.000088
Keiser's frame :
-0.427912 -0.695666 -0.572281 0.036913 
-0.005576 0.637360 -0.770546 0.000474 
0.900792 -0.331392 -0.280630 0.547372 
0.000000 0.000000 0.000000 1.000000 
Luhbot's model torques 
J1: 0.000000
J2: -1.788377
J3: 1.203106
J4: 0.552110
J5: 0.000000

Experiment no. : 39

Robocup-at-work torques :
J1 :0.000000
J2 :-1.582202
J3 :-2.271857
J4 :0.445888
J5 :-0.001573
Robocup frame :
[[-0.454257   ,0.835954    ,-0.307948   ;
 -0.878433   ,-0.477864   ,-0.001423   ;
 -0.148346   ,0.269865    ,0.951402    ]
[0.118681    ,0.000437    ,0.429482    ]]
Keiser's Torques :
J1 :0.000000
J2 :-1.798088
J3 :2.655075
J4 :0.422041
J5 :0.001993
Keiser's frame :
0.066237 0.880446 -0.469365 -0.112962 
0.000862 -0.470478 -0.882411 -0.001451 
-0.997742 0.058862 -0.032359 0.076603 
0.000000 0.000000 0.000000 1.000000 
Luhbot's model torques 
J1: 0.000000
J2: -2.751685
J3: 0.247959
J4: 0.000000
J5: 0.009730

Experiment no. : 40

Robocup-at-work torques :
J1 :-0.000000
J2 :0.759530
J3 :1.600732
J4 :-0.187102
J5 :0.001145
Robocup frame :
[[-0.720426   ,-0.677364   ,0.148877    ;
 0.685073    ,-0.728474   ,0.000688    ;
 0.107987    ,0.102487    ,0.988855    ]
[0.011316    ,-0.000059   ,0.502032    ]]
Keiser's Torques :
J1 :0.000000
J2 :1.050243
J3 :-1.785652
J4 :-0.239520
J5 :0.000757
Keiser's frame :
0.963806 -0.147378 -0.173930 0.378583 
0.012503 -0.727271 0.686236 0.004861 
-0.227631 -0.670340 -0.706278 0.327476 
0.000000 0.000000 0.000000 1.000000 
Luhbot's model torques 
J1: 0.000000
J2: -1.799303
J3: 1.645773
J4: -0.508197
J5: 0.000000

Experiment no. : 41

Robocup-at-work torques :
J1 :-0.000000
J2 :-7.737260
J3 :-3.188750
J4 :-1.227287
J5 :-0.005586
Robocup frame :
[[-0.325314   ,0.407242    ,0.853419    ;
 0.785324    ,0.619073    ,0.003943    ;
 -0.526723   ,0.671493    ,-0.521210   ]
[0.402714    ,0.001750    ,0.212190    ]]
Keiser's Torques :
J1 :0.000000
J2 :-8.116365
J3 :3.443383
J4 :-1.223052
J5 :0.004960
Keiser's frame :
0.118600 -0.763248 0.582410 0.369024 
0.003592 0.607456 0.794345 0.004739 
-0.960070 -0.220115 0.172669 0.012830 
0.000000 0.000000 0.000000 1.000000 
Luhbot's model torques 
J1: 0.000000
J2: -1.939235
J3: 0.709241
J4: -0.707451
J5: 0.000000

Experiment no. : 42

Robocup-at-work torques :
J1 :0.000000
J2 :-2.880468
J3 :-4.162124
J4 :-1.327256
J5 :0.007506
Robocup frame :
[[0.281703    ,-0.234286   ,0.930459    ;
 -0.647782   ,-0.761814   ,0.004298    ;
 0.707829    ,-0.603945   ,-0.366372   ]
[0.269507    ,0.001134    ,0.221147    ]]
Keiser's Torques :
J1 :0.000000
J2 :-3.073676
J3 :4.542776
J4 :-1.332786
J5 :-0.004461
Keiser's frame :
-0.947425 0.108607 -0.107513 -0.341459 
-0.012690 -0.759409 -0.650490 -0.004385 
-0.152294 -0.641485 0.751867 0.191705 
0.000000 0.000000 0.000000 1.000000 
Luhbot's model torques 
J1: 0.000000
J2: -4.142509
J3: -1.484393
J4: -1.001941
J5: 0.000000
