
Experiment no. : 0

Robocup-at-work torques :
J1 :-0.000000
J2 :-1.039997
J3 :-1.328449
J4 :-1.250219
J5 :-0.005086
Robocup frame :
[[0.244938    ,-0.389981   ,0.887649    ;
 0.842588    ,0.538543    ,0.004101    ;
 -0.479636   ,0.746918    ,0.460503    ]
[0.161902    ,0.000637    ,0.466022    ]]
Keiser's Torques :
J1 :0.000000
J2 :-0.934204
J3 :1.375170
J4 :-1.287553
J5 :0.005517
Keiser's frame :
0.759318 0.537805 -0.360633 0.159266 
0.009785 0.547312 0.836872 0.002045 
0.647452 -0.641261 0.411813 0.575128 
0.000000 0.000000 0.000000 1.000000 
Luhbot's model torques 
J1: 0.000000
J2: -2.051741
J3: 1.094876
J4: -1.292396
J5: 0.000000

Experiment no. : 1

Robocup-at-work torques :
J1 :-0.000000
J2 :1.616156
J3 :1.327704
J4 :1.405934
J5 :-0.009495
Robocup frame :
[[-0.143448   ,0.071650    ,-0.987061   ;
 -0.421551   ,-0.906793   ,-0.004560   ;
 -0.895387   ,0.415442    ,0.160282    ]
[-0.081210   ,-0.000486   ,0.423244    ]]
Keiser's Torques :
J1 :0.000000
J2 :1.772822
J3 :-1.331856
J4 :1.419473
J5 :0.003069
Keiser's frame :
-0.994257 0.038855 -0.053239 -0.224385 
-0.012813 -0.906702 -0.421578 -0.002881 
-0.064653 -0.419979 0.905228 0.419890 
0.000000 0.000000 0.000000 1.000000 
Luhbot's model torques 
J1: 0.000000
J2: 0.362467
J3: 3.638272
J4: 1.172215
J5: 0.000000

Experiment no. : 2

Robocup-at-work torques :
J1 :0.000000
J2 :-0.128782
J3 :-0.417234
J4 :-0.339005
J5 :-0.001263
Robocup frame :
[[0.444331    ,-0.858294   ,0.256715    ;
 0.887909    ,0.460017    ,0.001186    ;
 -0.119111   ,0.227412    ,0.966487    ]
[0.078869    ,0.000253    ,0.530538    ]]
Keiser's Torques :
J1 :0.000000
J2 :-0.032661
J3 :0.473626
J4 :-0.386010
J5 :0.001680
Keiser's frame :
0.033819 0.879294 -0.475069 0.000540 
0.000436 0.475330 0.879808 0.000007 
0.999424 -0.030068 0.015750 0.651858 
0.000000 0.000000 0.000000 1.000000 
Luhbot's model torques 
J1: 0.000000
J2: -1.545570
J3: 1.601048
J4: -0.786224
J5: 0.000000

Experiment no. : 3

Robocup-at-work torques :
J1 :0.000000
J2 :-0.616498
J3 :-0.904950
J4 :-0.826721
J5 :-0.003890
Robocup frame :
[[0.490675    ,-0.635676   ,0.595948    ;
 0.790351    ,0.612648    ,0.002753    ;
 -0.366857   ,0.469657    ,0.803018    ]
[0.123296    ,0.000459    ,0.509966    ]]
Keiser's Torques :
J1 :0.000000
J2 :-0.518401
J3 :0.959367
J4 :-0.871750
J5 :0.003469
Keiser's frame :
0.399690 0.713906 -0.573967 0.080586 
0.005151 0.624817 0.780754 0.001035 
0.916009 -0.316136 0.246952 0.633674 
0.000000 0.000000 0.000000 1.000000 
Luhbot's model torques 
J1: 0.000000
J2: -1.888993
J3: 1.257625
J4: -1.129647
J5: 0.000000

Experiment no. : 4

Robocup-at-work torques :
J1 :0.000000
J2 :-1.212002
J3 :-1.500454
J4 :-1.422224
J5 :-0.001921
Robocup frame :
[[0.003040    ,-0.008997   ,0.999955    ;
 -0.983454   ,0.181098    ,0.004620    ;
 -0.181131   ,-0.983424   ,-0.008298   ]
[0.177439    ,0.000709    ,0.405303    ]]
Keiser's Torques :
J1 :0.000000
J2 :-1.088802
J3 :1.529768
J4 :-1.442152
J5 :-0.007265
Keiser's frame :
0.972894 -0.214410 -0.026429 0.205993 
0.012537 0.178373 -0.983883 0.002645 
0.215668 0.960318 0.176849 0.481000 
0.000000 0.000000 0.000000 1.000000 
Luhbot's model torques 
J1: 0.000000
J2: -1.931963
J3: 1.214655
J4: -1.172618
J5: 0.000000

Experiment no. : 5

Robocup-at-work torques :
J1 :0.000000
J2 :-0.578915
J3 :-0.867367
J4 :-0.789137
J5 :0.001564
Robocup frame :
[[-0.214236   ,0.800899    ,0.559164    ;
 -0.965581   ,-0.260091   ,0.002583    ;
 0.147502    ,-0.539364   ,0.829053    ]
[0.118462    ,0.000436    ,0.513277    ]]
Keiser's Torques :
J1 :0.000000
J2 :-0.471124
J3 :0.912090
J4 :-0.824473
J5 :-0.003984
Keiser's frame :
0.358164 -0.896633 0.258543 0.071501 
0.004616 -0.275349 -0.961333 0.000918 
0.933153 0.346744 -0.094836 0.637411 
0.000000 0.000000 0.000000 1.000000 
Luhbot's model torques 
J1: 0.000000
J2: -1.814513
J3: 1.332105
J4: -1.055168
J5: 0.000000

Experiment no. : 6

Robocup-at-work torques :
J1 :-0.000000
J2 :-1.209940
J3 :-1.498392
J4 :-1.420163
J5 :-0.009785
Robocup frame :
[[0.043340    ,0.012983    ,0.998976    ;
 -0.383083   ,0.923703    ,0.004615    ;
 -0.922697   ,-0.382890   ,0.045007    ]
[0.177206    ,0.000708    ,0.412231    ]]
Keiser's Torques :
J1 :0.000000
J2 :-1.088123
J3 :1.529089
J4 :-1.441472
J5 :-0.002829
Keiser's frame :
0.960059 -0.114347 -0.242037 0.203185 
0.012372 0.922230 -0.386443 0.002609 
0.267402 0.369345 0.889989 0.492278 
0.000000 0.000000 0.000000 1.000000 
Luhbot's model torques 
J1: 0.000000
J2: -1.928552
J3: 1.218065
J4: -1.169207
J5: 0.000000

Experiment no. : 7

Robocup-at-work torques :
J1 :0.000000
J2 :1.263131
J3 :0.974679
J4 :1.052908
J5 :-0.003865
Robocup frame :
[[-0.347837   ,-0.591526   ,-0.727397   ;
 0.863805    ,-0.503814   ,-0.003360   ;
 -0.364485   ,-0.629498   ,0.686209    ]
[-0.048505   ,-0.000335   ,0.492134    ]]
Keiser's Torques :
J1 :0.000000
J2 :1.386461
J3 :-0.945496
J4 :1.033112
J5 :-0.004650
Keiser's frame :
-0.859353 0.444335 0.242422 -0.194871 
-0.011074 -0.495389 0.868601 -0.002502 
0.506043 0.746429 0.432163 0.544301 
0.000000 0.000000 0.000000 1.000000 
Luhbot's model torques 
J1: 0.000000
J2: -0.054052
J3: 3.092565
J4: 0.626509
J5: 0.000000

Experiment no. : 8

Robocup-at-work torques :
J1 :0.000000
J2 :-0.149766
J3 :-0.438169
J4 :-0.359911
J5 :-0.002429
Robocup frame :
[[0.818500    ,-0.507773   ,0.268746    ;
 0.526872    ,0.849944    ,0.001242    ;
 -0.229050   ,0.140579    ,0.963210    ]
[0.080442    ,0.000261    ,0.530137    ]]
Keiser's Torques :
J1 :0.000000
J2 :-0.047282
J3 :0.488197
J4 :-0.400548
J5 :0.001039
Keiser's frame :
0.046234 0.511513 -0.858022 0.003259 
0.000596 0.858933 0.512088 0.000042 
0.998923 -0.024272 0.039549 0.651749 
0.000000 0.000000 0.000000 1.000000 
Luhbot's model torques 
J1: 0.000000
J2: -1.618113
J3: 1.528522
J4: -0.858745
J5: 0.000000

Experiment no. : 9

Robocup-at-work torques :
J1 :0.000000
J2 :1.607596
J3 :1.319145
J4 :1.397374
J5 :0.003921
Robocup frame :
[[0.073538    ,-0.192429   ,-0.978552   ;
 0.926221    ,0.376953    ,-0.004521   ;
 0.369738    ,-0.906023   ,0.205952    ]
[-0.080195   ,-0.000481   ,0.429198    ]]
Keiser's Torques :
J1 :0.000000
J2 :1.761298
J3 :-1.320333
J4 :1.407949
J5 :-0.006693
Keiser's frame :
-0.996175 -0.021735 -0.004997 -0.224805 
-0.012838 0.377614 0.925874 -0.002887 
-0.018237 0.925708 -0.377799 0.430008 
0.000000 0.000000 0.000000 1.000000 
Luhbot's model torques 
J1: 0.000000
J2: 0.248258
J3: 3.524062
J4: 1.058006
J5: 0.000000

Experiment no. : 10

Robocup-at-work torques :
J1 :0.000000
J2 :1.333976
J3 :1.045524
J4 :1.123753
J5 :0.007261
Robocup frame :
[[0.543109    ,0.298751    ,-0.784717   ;
 -0.485982   ,0.873961    ,-0.003625   ;
 0.684729    ,0.383327    ,0.619844    ]
[-0.055824   ,-0.000369   ,0.483392    ]]
Keiser's Torques :
J1 :0.000000
J2 :1.476982
J3 :-1.036016
J4 :1.123632
J5 :0.002832
Keiser's frame :
-0.900220 -0.220529 -0.367618 -0.203812 
-0.011601 0.869799 -0.493270 -0.002617 
0.428534 -0.441380 -0.788379 0.527404 
0.000000 0.000000 0.000000 1.000000 
Luhbot's model torques 
J1: 0.000000
J2: -0.185305
J3: 2.961313
J4: 0.495256
J5: 0.000000

Experiment no. : 11

Robocup-at-work torques :
J1 :0.000000
J2 :-0.660621
J3 :-0.949073
J4 :-0.870843
J5 :0.002262
Robocup frame :
[[-0.269052   ,-0.730729   ,0.627412    ;
 0.939212    ,-0.343326   ,0.002898    ;
 0.213289    ,0.590053    ,0.778682    ]
[0.127435    ,0.000478    ,0.506865    ]]
Keiser's Torques :
J1 :0.000000
J2 :-0.568910
J3 :1.009876
J4 :-0.922260
J5 :0.004359
Keiser's frame :
0.435669 0.850074 0.293602 0.088458 
0.005614 -0.329034 0.944301 0.001136 
0.899331 -0.411231 -0.148637 0.630038 
0.000000 0.000000 0.000000 1.000000 
Luhbot's model torques 
J1: 0.000000
J2: -1.835807
J3: 1.310811
J4: -1.076461
J5: 0.000000

Experiment no. : 12

Robocup-at-work torques :
J1 :0.000000
J2 :1.632659
J3 :1.344207
J4 :1.422493
J5 :-0.000593
Robocup frame :
[[-0.005768   ,-0.020372   ,-0.999776   ;
 0.998420    ,-0.055996   ,-0.004619   ;
 -0.055889   ,-0.998223   ,0.020663    ]
[-0.082581   ,-0.000492   ,0.405068    ]]
Keiser's Torques :
J1 :0.000000
J2 :1.794915
J3 :-1.353949
J4 :1.441630
J5 :-0.007374
Keiser's frame :
-0.975469 -0.202564 -0.024196 -0.220277 
-0.012571 -0.058480 0.998209 -0.002829 
-0.203616 0.977521 0.054704 0.389595 
0.000000 0.000000 0.000000 1.000000 
Luhbot's model torques 
J1: 0.000000
J2: 0.397387
J3: 3.673191
J4: 1.207145
J5: 0.000000

Experiment no. : 13

Robocup-at-work torques :
J1 :0.000000
J2 :0.090641
J3 :-0.197811
J4 :-0.119581
J5 :-0.000986
Robocup frame :
[[0.933995    ,-0.343317   ,0.098931    ;
 0.344967    ,0.938615    ,0.000457    ;
 -0.093015   ,0.033701    ,0.995094    ]
[0.058300    ,0.000158    ,0.533942    ]]
Keiser's Torques :
J1 :0.000000
J2 :0.197956
J3 :0.243009
J4 :-0.155393
J5 :0.000249
Keiser's frame :
-0.125780 0.325799 -0.936974 -0.034378 
-0.001621 0.944461 0.328620 -0.000441 
0.991999 0.043001 -0.118693 0.650240 
0.000000 0.000000 0.000000 1.000000 
Luhbot's model torques 
J1: 0.000000
J2: -1.452091
J3: 1.694527
J4: -0.692745
J5: 0.000000

Experiment no. : 14

Robocup-at-work torques :
J1 :0.000000
J2 :0.071942
J3 :-0.216510
J4 :-0.138281
J5 :0.000259
Robocup frame :
[[-0.232504   ,0.967196    ,0.102344    ;
 -0.972290   ,-0.233778   ,0.000473    ;
 0.024383    ,-0.099398   ,0.994749    ]
[0.058744    ,0.000161    ,0.533904    ]]
Keiser's Torques :
J1 :0.000000
J2 :0.184379
J3 :0.256587
J4 :-0.168970
J5 :-0.000735
Keiser's frame :
-0.122390 -0.960705 0.248915 -0.033636 
-0.001577 -0.250625 -0.968083 -0.000432 
0.992427 -0.119301 0.029269 0.650333 
0.000000 0.000000 0.000000 1.000000 
Luhbot's model torques 
J1: 0.000000
J2: -1.330455
J3: 1.816163
J4: -0.571109
J5: 0.000000

Experiment no. : 15

Robocup-at-work torques :
J1 :0.000000
J2 :0.613803
J3 :0.325352
J4 :0.403581
J5 :0.002216
Robocup frame :
[[0.729036    ,0.626116    ,-0.276560   ;
 -0.651806   ,0.758385    ,-0.001278   ;
 0.208939    ,0.181195    ,0.960996    ]
[0.009554    ,-0.000067   ,0.528758    ]]
Keiser's Torques :
J1 :0.000000
J2 :0.738677
J3 :-0.297711
J4 :0.385328
J5 :0.001338
Keiser's frame :
-0.482813 -0.582773 -0.652373 -0.112490 
-0.006222 0.748046 -0.663618 -0.001444 
0.874744 -0.317495 -0.366089 0.624678 
0.000000 0.000000 0.000000 1.000000 
Luhbot's model torques 
J1: 0.000000
J2: -0.990120
J3: 2.156498
J4: -0.230775
J5: 0.007367

Experiment no. : 16

Robocup-at-work torques :
J1 :0.000000
J2 :1.314930
J3 :1.026479
J4 :1.104708
J5 :-0.007404
Robocup frame :
[[-0.574935   ,0.274246    ,-0.770869   ;
 -0.426635   ,-0.904417   ,-0.003561   ;
 -0.698164   ,0.326832    ,0.636983    ]
[-0.054058   ,-0.000361   ,0.485648    ]]
Keiser's Torques :
J1 :0.000000
J2 :1.448413
J3 :-1.007448
J4 :1.095064
J5 :0.002414
Keiser's frame :
-0.890594 -0.178428 0.411462 -0.201706 
-0.011477 -0.908051 -0.418702 -0.002590 
0.448337 -0.378954 0.809560 0.531721 
0.000000 0.000000 0.000000 1.000000 
Luhbot's model torques 
J1: 0.000000
J2: 0.000000
J3: 3.183810
J4: 0.717753
J5: 0.000000

Experiment no. : 17

Robocup-at-work torques :
J1 :-0.000000
J2 :-1.120020
J3 :-1.408472
J4 :-1.330242
J5 :0.006939
Robocup frame :
[[-0.238978   ,0.251954    ,0.937768    ;
 -0.717435   ,-0.696612   ,0.004332    ;
 0.654352    ,-0.671752   ,0.347236    ]
[0.168644    ,0.000668    ,0.451398    ]]
Keiser's Torques :
J1 :0.000000
J2 :-1.007890
J3 :1.448856
J4 :-1.361239
J5 :-0.004962
Keiser's frame :
0.833240 -0.383738 0.391743 0.175439 
0.010738 -0.702772 -0.711334 0.002253 
0.548272 0.599046 -0.583560 0.553507 
0.000000 0.000000 0.000000 1.000000 
Luhbot's model torques 
J1: 0.000000
J2: -2.054410
J3: 1.092208
J4: -1.295065
J5: 0.000000

Experiment no. : 18

Robocup-at-work torques :
J1 :0.000000
J2 :0.187986
J3 :-0.100466
J4 :-0.022237
J5 :0.000298
Robocup frame :
[[-0.897195   ,-0.440521   ,0.031329    ;
 0.440742    ,-0.897634   ,0.000145    ;
 0.028058    ,0.013938    ,0.999509    ]
[0.049502    ,0.000118    ,0.534381    ]]
Keiser's Torques :
J1 :0.000000
J2 :0.281853
J3 :0.159112
J4 :-0.071496
J5 :0.000103
Keiser's frame :
-0.192412 0.447993 0.872934 -0.048956 
-0.002480 -0.889899 0.456151 -0.000629 
0.981175 0.085920 0.172953 0.647880 
0.000000 0.000000 0.000000 1.000000 
Luhbot's model torques 
J1: 0.000000
J2: -1.102601
J3: 2.044017
J4: -0.343255
J5: 0.000000

Experiment no. : 19

Robocup-at-work torques :
J1 :0.000000
J2 :1.486989
J3 :1.198537
J4 :1.276767
J5 :0.009461
Robocup frame :
[[0.451704    ,0.000599    ,-0.892168   ;
 -0.009467   ,0.999947    ,-0.004122   ;
 0.892118    ,0.010308    ,0.451685    ]
[-0.069457   ,-0.000432   ,0.461316    ]]
Keiser's Torques :
J1 :0.000000
J2 :1.634620
J3 :-1.193654
J4 :1.281271
J5 :0.000076
Keiser's frame :
-0.967074 -0.015625 -0.240411 -0.218438 
-0.012462 0.999815 -0.014668 -0.002805 
0.240596 -0.011240 -0.970560 0.486434 
0.000000 0.000000 0.000000 1.000000 
Luhbot's model torques 
J1: 0.000000
J2: 0.000000
J3: 3.192551
J4: 0.726494
J5: 0.000000

Experiment no. : 20

Robocup-at-work torques :
J1 :0.000000
J2 :-1.018533
J3 :-1.306985
J4 :-1.228756
J5 :-0.002624
Robocup frame :
[[0.146890    ,0.476932    ,0.866579    ;
 -0.957715   ,0.287692    ,0.004003    ;
 -0.247398   ,-0.830523   ,0.499024    ]
[0.159086    ,0.000624    ,0.470988    ]]
Keiser's Torques :
J1 :0.000000
J2 :-0.905359
J3 :1.346324
J4 :-1.258708
J5 :-0.006135
Keiser's frame :
0.730269 -0.655587 -0.181872 0.152911 
0.009411 0.277065 -0.960805 0.001963 
0.680281 0.702454 0.209228 0.582285 
0.000000 0.000000 0.000000 1.000000 
Luhbot's model torques 
J1: 0.000000
J2: -2.050290
J3: 1.096328
J4: -1.290944
J5: 0.000000

Experiment no. : 21

Robocup-at-work torques :
J1 :-0.000000
J2 :-0.365389
J3 :-0.653840
J4 :-0.575611
J5 :0.001964
Robocup frame :
[[-0.401887   ,-0.812638   ,0.422026    ;
 0.896774    ,-0.442484   ,0.001950    ;
 0.185155    ,0.379246    ,0.906581    ]
[0.100479    ,0.000353    ,0.523081    ]]
Keiser's Torques :
J1 :0.000000
J2 :-0.276171
J3 :0.717137
J4 :-0.629520
J5 :0.002802
Keiser's frame :
0.207707 0.884449 0.417489 0.038583 
0.002677 -0.427380 0.904068 0.000495 
0.978029 -0.187338 -0.091456 0.647194 
0.000000 0.000000 0.000000 1.000000 
Luhbot's model torques 
J1: 0.000000
J2: -1.616966
J3: 1.529651
J4: -0.857621
J5: 0.000000

Experiment no. : 22

Robocup-at-work torques :
J1 :0.000000
J2 :1.628173
J3 :1.339721
J4 :1.417951
J5 :0.007623
Robocup frame :
[[0.064452    ,0.055456    ,-0.996379   ;
 -0.692155   ,0.721734    ,-0.004603   ;
 0.718865    ,0.689946    ,0.084901    ]
[-0.082270   ,-0.000491   ,0.413426    ]]
Keiser's Torques :
J1 :0.000000
J2 :1.789275
J3 :-1.348309
J4 :1.435925
J5 :0.005097
Keiser's frame :
-0.986499 0.087817 0.110035 -0.222688 
-0.012713 0.722639 -0.691109 -0.002859 
-0.140207 -0.685625 -0.714325 0.403419 
0.000000 0.000000 0.000000 1.000000 
Luhbot's model torques 
J1: 0.000000
J2: 0.282853
J3: 3.558658
J4: 1.092601
J5: 0.000000

Experiment no. : 23

Robocup-at-work torques :
J1 :0.000000
J2 :0.642298
J3 :0.353846
J4 :0.432075
J5 :0.000208
Robocup frame :
[[0.067174    ,0.951860    ,-0.299084   ;
 -0.997549   ,0.069964    ,-0.001382   ;
 0.019610    ,0.298444    ,0.954226    ]
[0.006639    ,-0.000080   ,0.527833    ]]
Keiser's Torques :
J1 :0.000000
J2 :0.766397
J3 :-0.325431
J4 :0.413048
J5 :0.002204
Keiser's frame :
-0.503176 -0.862020 -0.043751 -0.116945 
-0.006484 0.054476 -0.998494 -0.001502 
0.863105 -0.503938 -0.033099 0.622141 
0.000000 0.000000 0.000000 1.000000 
Luhbot's model torques 
J1: 0.000000
J2: -0.861670
J3: 2.284947
J4: -0.102325
J5: 0.000000

Experiment no. : 24

Robocup-at-work torques :
J1 :0.000000
J2 :-0.456316
J3 :-0.744768
J4 :-0.666539
J5 :-0.005077
Robocup frame :
[[0.876986    ,0.035124    ,0.479231    ;
 -0.041227   ,0.999147    ,0.002214    ;
 -0.478745   ,-0.021699   ,0.877686    ]
[0.107973    ,0.000388    ,0.519439    ]]
Keiser's Torques :
J1 :0.000000
J2 :-0.348698
J3 :0.789663
J4 :-0.702047
J5 :-0.000160
Keiser's frame :
0.269700 -0.056436 -0.961017 0.052146 
0.003476 0.998331 -0.057648 0.000670 
0.962666 0.012263 0.270412 0.643845 
0.000000 0.000000 0.000000 1.000000 
Luhbot's model torques 
J1: 0.000000
J2: -1.846671
J3: 1.299947
J4: -1.087325
J5: 0.000000

Experiment no. : 25

Robocup-at-work torques :
J1 :0.000000
J2 :-0.755190
J3 :-1.043642
J4 :-0.965412
J5 :-0.001960
Robocup frame :
[[0.202353    ,0.702211    ,0.682607    ;
 -0.961706   ,0.274065    ,0.003153    ;
 -0.184864   ,-0.657105   ,0.730779    ]
[0.134706    ,0.000511    ,0.500748    ]]
Keiser's Torques :
J1 :0.000000
J2 :-0.644161
J3 :1.085127
J4 :-0.997510
J5 :-0.004854
Keiser's frame :
0.499948 -0.836083 -0.221854 0.102521 
0.006443 0.260079 -0.965566 0.001316 
0.864993 0.483036 0.135879 0.622552 
0.000000 0.000000 0.000000 1.000000 
Luhbot's model torques 
J1: 0.000000
J2: -1.957107
J3: 1.189511
J4: -1.197761
J5: 0.000000

Experiment no. : 26

Robocup-at-work torques :
J1 :0.000000
J2 :0.868240
J3 :0.579788
J4 :0.658018
J5 :-0.001183
Robocup frame :
[[-0.228910   ,-0.865722   ,-0.445113   ;
 0.967033    ,-0.254641   ,-0.002056   ;
 -0.111564   ,-0.430910   ,0.895472    ]
[-0.012227   ,-0.000167   ,0.519903    ]]
Keiser's Torques :
J1 :0.000000
J2 :0.976063
J3 :-0.535097
J4 :0.622714
J5 :-0.003183
Keiser's frame :
-0.631885 0.751647 0.181319 -0.145105 
-0.008143 -0.240982 0.970495 -0.001863 
0.773165 0.613966 0.158940 0.602534 
0.000000 0.000000 0.000000 1.000000 
Luhbot's model torques 
J1: 0.000000
J2: -0.532520
J3: 2.614097
J4: 0.148041
J5: 0.000000

Experiment no. : 27

Robocup-at-work torques :
J1 :-0.000000
J2 :-1.061339
J3 :-1.349791
J4 :-1.271562
J5 :0.004965
Robocup frame :
[[-0.227105   ,0.379869    ,0.896729    ;
 -0.853960   ,-0.520322   ,0.004143    ;
 0.468161    ,-0.764830   ,0.442561    ]
[0.163118    ,0.000643    ,0.463708    ]]
Keiser's Torques :
J1 :0.000000
J2 :-0.950492
J3 :1.391458
J4 :-1.303842
J5 :-0.005650
Keiser's frame :
0.772136 -0.532274 0.340885 0.162071 
0.009950 -0.528971 -0.848581 0.002081 
0.631996 0.660964 -0.404608 0.571759 
0.000000 0.000000 0.000000 1.000000 
Luhbot's model torques 
J1: 0.000000
J2: -2.044004
J3: 1.102613
J4: -1.284659
J5: 0.000000

Experiment no. : 28

Robocup-at-work torques :
J1 :0.000000
J2 :0.998635
J3 :0.710183
J4 :0.788412
J5 :-0.000694
Robocup frame :
[[-0.107219   ,-0.836312   ,-0.537668   ;
 0.992079    ,-0.125592   ,-0.002484   ;
 -0.065450   ,-0.533675   ,0.843153    ]
[-0.024155   ,-0.000222   ,0.512916    ]]
Keiser's Torques :
J1 :0.000000
J2 :1.111492
J3 :-0.670526
J4 :0.758143
J5 :-0.003942
Keiser's frame :
-0.710099 0.697753 0.072618 -0.162217 
-0.009151 -0.112752 0.993581 -0.002083 
0.701462 0.707409 0.086737 0.586902 
0.000000 0.000000 0.000000 1.000000 
Luhbot's model torques 
J1: 0.000000
J2: -0.412543
J3: 2.734074
J4: 0.268018
J5: 0.000000

Experiment no. : 29

Robocup-at-work torques :
J1 :0.000000
J2 :1.609209
J3 :1.320757
J4 :1.398987
J5 :-0.007859
Robocup frame :
[[-0.152509   ,-0.125947   ,-0.980244   ;
 0.653902    ,-0.756565   ,-0.004528   ;
 -0.741049   ,-0.641674   ,0.197740    ]
[-0.080399   ,-0.000482   ,0.428127    ]]
Keiser's Torques :
J1 :0.000000
J2 :1.762222
J3 :-1.321256
J4 :1.408873
J5 :-0.004740
Keiser's frame :
-0.995988 -0.007718 -0.028527 -0.224764 
-0.012835 -0.756120 0.654308 -0.002886 
-0.026620 0.654388 0.755690 0.428181 
0.000000 0.000000 0.000000 1.000000 
Luhbot's model torques 
J1: 0.000000
J2: 0.347424
J3: 3.623228
J4: 1.157172
J5: 0.000000

Experiment no. : 30

Robocup-at-work torques :
J1 :0.000000
J2 :0.041013
J3 :-0.247439
J4 :-0.169209
J5 :0.000532
Robocup frame :
[[-0.364346   ,-0.920964   ,0.138120    ;
 0.929909    ,-0.367789   ,0.000638    ;
 0.050211    ,0.128671    ,0.990415    ]
[0.063403    ,0.000182    ,0.533412    ]]
Keiser's Torques :
J1 :0.000000
J2 :0.131953
J3 :0.309012
J4 :-0.221396
J5 :0.000951
Keiser's frame :
-0.086682 0.932650 0.350137 -0.025824 
-0.001117 -0.351560 0.936165 -0.000332 
0.996208 0.081048 0.031625 0.651157 
0.000000 0.000000 0.000000 1.000000 
Luhbot's model torques 
J1: 0.000000
J2: -1.296901
J3: 1.849717
J4: -0.537556
J5: 0.000000

Experiment no. : 31

Robocup-at-work torques :
J1 :0.000000
J2 :-1.161712
J3 :-1.450164
J4 :-1.371935
J5 :0.008166
Robocup frame :
[[-0.201162   ,0.158476    ,0.966654    ;
 -0.605500   ,-0.795832   ,0.004466    ;
 0.770002    ,-0.584411   ,0.256048    ]
[0.172582    ,0.000686    ,0.439601    ]]
Keiser's Torques :
J1 :0.000000
J2 :-1.047474
J3 :1.488440
J4 :-1.400823
J5 :-0.004317
Keiser's frame :
0.881621 -0.271382 0.378823 0.186024 
0.011361 -0.800123 -0.599729 0.002389 
0.465860 0.534935 -0.704854 0.535541 
0.000000 0.000000 0.000000 1.000000 
Luhbot's model torques 
J1: 0.000000
J2: -2.056068
J3: 1.090550
J4: -1.296723
J5: 0.000000

Experiment no. : 32

Robocup-at-work torques :
J1 :0.000000
J2 :1.619639
J3 :1.331187
J4 :1.409417
J5 :-0.006906
Robocup frame :
[[-0.104182   ,-0.111912   ,-0.988242   ;
 0.751713    ,-0.659474   ,-0.004565   ;
 -0.651209   ,-0.743350   ,0.152831    ]
[-0.081348   ,-0.000487   ,0.422273    ]]
Keiser's Torques :
J1 :0.000000
J2 :1.775003
J3 :-1.334037
J4 :1.421653
J5 :-0.005491
Keiser's frame :
-0.993742 -0.045828 -0.057215 -0.224273 
-0.012806 -0.659573 0.751531 -0.002880 
-0.072179 0.750242 0.657212 0.418249 
0.000000 0.000000 0.000000 1.000000 
Luhbot's model torques 
J1: 0.000000
J2: 0.367692
J3: 3.643496
J4: 1.177440
J5: 0.000000

Experiment no. : 33

Robocup-at-work torques :
J1 :-0.000000
J2 :1.127027
J3 :0.838575
J4 :0.916805
J5 :-0.002482
Robocup frame :
[[-0.276391   ,0.716546    ,-0.640444   ;
 -0.932103   ,-0.362182   ,-0.002959   ;
 -0.234077   ,0.596142    ,0.767999    ]
[-0.037365   ,-0.000283   ,0.502941    ]]
Keiser's Torques :
J1 :0.000000
J2 :1.259899
J3 :-0.818933
J4 :0.906550
J5 :0.004403
Keiser's frame :
-0.793149 -0.558599 0.233147 -0.180386 
-0.010221 -0.372716 -0.927889 -0.002316 
0.605215 -0.740979 0.290971 0.565921 
0.000000 0.000000 0.000000 1.000000 
Luhbot's model torques 
J1: 0.000000
J2: -0.277685
J3: 2.868933
J4: 0.402876
J5: 0.000000

Experiment no. : 34

Robocup-at-work torques :
J1 :-0.000000
J2 :-0.786734
J3 :-1.075186
J4 :-0.996957
J5 :0.007011
Robocup frame :
[[-0.654365   ,-0.255736   ,0.711621    ;
 0.367102    ,-0.930175   ,0.003288    ;
 0.661092    ,0.263389    ,0.702555    ]
[0.138534    ,0.000529    ,0.497137    ]]
Keiser's Torques :
J1 :0.000000
J2 :-0.691737
J3 :1.132702
J4 :-1.045086
J5 :0.001946
Keiser's frame :
0.534416 0.324296 0.779216 0.110062 
0.006887 -0.924886 0.380182 0.001413 
0.843978 -0.198538 -0.498281 0.617971 
0.000000 0.000000 0.000000 1.000000 
Luhbot's model torques 
J1: 0.000000
J2: -1.882908
J3: 1.263710
J4: -1.123562
J5: 0.000000

Experiment no. : 35

Robocup-at-work torques :
J1 :0.000000
J2 :-1.211801
J3 :-1.500253
J4 :-1.422023
J5 :0.002604
Robocup frame :
[[0.009957    ,-0.020488   ,0.999741    ;
 -0.969329   ,-0.245725   ,0.004619    ;
 0.245567    ,-0.969123   ,-0.022306   ]
[0.177440    ,0.000709    ,0.403481    ]]
Keiser's Torques :
J1 :0.000000
J2 :-1.088165
J3 :1.529131
J4 :-1.441515
J5 :-0.007159
Keiser's frame :
0.975809 -0.192608 0.062056 0.206631 
0.012575 -0.248147 -0.968641 0.002653 
0.201967 0.949381 -0.240591 0.478013 
0.000000 0.000000 0.000000 1.000000 
Luhbot's model torques 
J1: 0.000000
J2: -1.950515
J3: 1.196103
J4: -1.191169
J5: 0.000000

Experiment no. : 36

Robocup-at-work torques :
J1 :0.000000
J2 :0.243825
J3 :-0.044627
J4 :0.033603
J5 :0.000015
Robocup frame :
[[0.333786    ,-0.942639   ,-0.004226   ;
 0.942648    ,0.333789    ,-0.000020   ;
 0.001429    ,-0.003977   ,0.999991    ]
[0.044879    ,0.000096    ,0.534372    ]]
Keiser's Torques :
J1 :0.000000
J2 :0.342237
J3 :0.098729
J4 :-0.011112
J5 :-0.000029
Keiser's frame :
-0.227046 0.911909 -0.341324 -0.056533 
-0.002926 0.349902 0.936782 -0.000726 
0.973689 0.214455 -0.077061 0.646248 
0.000000 0.000000 0.000000 1.000000 
Luhbot's model torques 
J1: 0.000000
J2: -1.223341
J3: 1.923277
J4: -0.463995
J5: 0.000000

Experiment no. : 37

Robocup-at-work torques :
J1 :0.000000
J2 :1.442619
J3 :1.154117
J4 :1.232318
J5 :-0.006272
Robocup frame :
[[-0.358466   ,-0.369474   ,-0.857316   ;
 0.722289    ,-0.691580   ,-0.003961   ;
 -0.591439   ,-0.620650   ,0.514775    ]
[-0.065055   ,-0.000411   ,0.469588    ]]
Keiser's Torques :
J1 :0.000000
J2 :1.577231
J3 :-1.136214
J4 :1.223799
J5 :-0.004585
Keiser's frame :
-0.947295 0.233181 0.204460 -0.214114 
-0.012208 -0.686909 0.726641 -0.002749 
0.309884 0.688319 0.655888 0.501538 
0.000000 0.000000 0.000000 1.000000 
Luhbot's model torques 
J1: 0.000000
J2: 0.069309
J3: 3.345097
J4: 0.879035
J5: 0.000000

Experiment no. : 38

Robocup-at-work torques :
J1 :0.000000
J2 :1.598013
J3 :1.309561
J4 :1.387790
J5 :0.010295
Robocup frame :
[[0.230347    ,0.010984    ,-0.973046   ;
 -0.066568   ,0.997772    ,-0.004495   ;
 0.970829    ,0.065810    ,0.230565    ]
[-0.079529   ,-0.000478   ,0.432409    ]]
Keiser's Torques :
J1 :0.000000
J2 :1.753997
J3 :-1.313032
J4 :1.400648
J5 :0.000486
Keiser's frame :
-0.996317 -0.013283 -0.006099 -0.224836 
-0.012839 0.997620 -0.067742 -0.002887 
0.006984 -0.067657 -0.997684 0.435506 
0.000000 0.000000 0.000000 1.000000 
Luhbot's model torques 
J1: 0.000000
J2: 0.152423
J3: 3.428228
J4: 0.962171
J5: 0.000000

Experiment no. : 39

Robocup-at-work torques :
J1 :0.000000
J2 :-0.475139
J3 :-0.763591
J4 :-0.685362
J5 :-0.001530
Robocup frame :
[[0.246209    ,-0.831004   ,0.498812    ;
 0.958422    ,0.285344    ,0.002304    ;
 -0.144248   ,0.477506    ,0.866707    ]
[0.110541    ,0.000400    ,0.518051    ]]
Keiser's Torques :
J1 :0.000000
J2 :-0.381350
J3 :0.822316
J4 :-0.734699
J5 :0.003528
Keiser's frame :
0.291163 0.911691 -0.288849 0.056842 
0.003752 0.300936 0.953637 0.000730 
0.956347 -0.279744 0.084515 0.642468 
0.000000 0.000000 0.000000 1.000000 
Luhbot's model torques 
J1: 0.000000
J2: -1.770255
J3: 1.376363
J4: -1.010910
J5: 0.000000

Experiment no. : 40

Robocup-at-work torques :
J1 :-0.000000
J2 :-1.212022
J3 :-1.500474
J4 :-1.422244
J5 :-0.009157
Robocup frame :
[[-0.009958   ,-0.011162   ,0.999888    ;
 -0.504215   ,0.863566    ,0.004619    ;
 -0.863521   ,-0.504113   ,-0.014227   ]
[0.177443    ,0.000709    ,0.404532    ]]
Keiser's Torques :
J1 :0.000000
J2 :-1.088669
J3 :1.529635
J4 :-1.442018
J5 :-0.003724
Keiser's frame :
0.974151 -0.116895 -0.174758 0.206268 
0.012554 0.862165 -0.506472 0.002649 
0.209874 0.492958 0.844361 0.479736 
0.000000 0.000000 0.000000 1.000000 
Luhbot's model torques 
J1: 0.000000
J2: -1.893798
J3: 1.252819
J4: -1.134453
J5: 0.000000

Experiment no. : 41

Robocup-at-work torques :
J1 :0.000000
J2 :-0.288811
J3 :-0.577263
J4 :-0.499034
J5 :-0.001395
Robocup frame :
[[0.327058    ,-0.870040   ,0.368867    ;
 0.935809    ,0.352504    ,0.001704    ;
 -0.131510   ,0.344632    ,0.929481    ]
[0.093522    ,0.000321    ,0.525952    ]]
Keiser's Torques :
J1 :0.000000
J2 :-0.194561
J3 :0.635527
J4 :-0.547911
J5 :0.002546
Keiser's frame :
0.150980 0.918835 -0.364394 0.026172 
0.001946 0.368372 0.929676 0.000336 
0.988452 -0.141575 0.054029 0.649466 
0.000000 0.000000 0.000000 1.000000 
Luhbot's model torques 
J1: 0.000000
J2: -1.649570
J3: 1.497048
J4: -0.890225
J5: 0.000000

Experiment no. : 42

Robocup-at-work torques :
J1 :-0.000000
J2 :0.231235
J3 :-0.057217
J4 :0.021013
J5 :0.000018
Robocup frame :
[[-0.795595   ,-0.605824   ,0.002154    ;
 0.605826    ,-0.795597   ,0.000010    ;
 0.001708    ,0.001313    ,0.999998    ]
[0.045709    ,0.000100    ,0.534386    ]]
Keiser's Torques :
J1 :0.000000
J2 :0.324680
J3 :0.116285
J4 :-0.028669
J5 :0.000010
Keiser's frame :
-0.220852 0.604483 0.765163 -0.055178 
-0.002846 -0.785077 0.619391 -0.000709 
0.975123 0.135107 0.175729 0.646561 
0.000000 0.000000 0.000000 1.000000 
Luhbot's model torques 
J1: 0.000000
J2: -1.074714
J3: 2.071903
J4: -0.315369
J5: 0.000000

Experiment no. : 43

Robocup-at-work torques :
J1 :0.000000
J2 :1.341726
J3 :1.053274
J4 :1.131504
J5 :0.001862
Robocup frame :
[[0.134839    ,-0.606752   ,-0.783371   ;
 0.975179    ,0.221387    ,-0.003619   ;
 0.175624    ,-0.763439   ,0.621544    ]
[-0.055653   ,-0.000368   ,0.483616    ]]
Keiser's Torques :
J1 :0.000000
J2 :1.472041
J3 :-1.031075
J4 :1.118692
J5 :-0.005639
Keiser's frame :
-0.899292 0.416618 -0.109027 -0.203609 
-0.011589 0.229582 0.973220 -0.002614 
0.430492 0.879614 -0.202374 0.527831 
0.000000 0.000000 0.000000 1.000000 
Luhbot's model torques 
J1: 0.000000
J2: -0.053961
J3: 3.092656
J4: 0.626600
J5: 0.000000

Experiment no. : 44

Robocup-at-work torques :
J1 :0.000000
J2 :1.615013
J3 :1.326561
J4 :1.404790
J5 :0.010451
Robocup frame :
[[0.168652    ,-0.001392   ,-0.985675   ;
 -0.018363   ,0.999821    ,-0.004554   ;
 0.985505    ,0.018868    ,0.168596    ]
[-0.081046   ,-0.000485   ,0.424328    ]]
Keiser's Torques :
J1 :0.000000
J2 :1.772979
J3 :-1.332013
J4 :1.419630
J5 :0.000140
Keiser's frame :
-0.994764 -0.011759 0.056470 -0.224496 
-0.012819 0.999748 -0.018445 -0.002883 
-0.056239 -0.019138 -0.998234 0.421724 
0.000000 0.000000 0.000000 1.000000 
Luhbot's model torques 
J1: 0.000000
J2: 0.207672
J3: 3.483476
J4: 1.017420
J5: 0.000000

Experiment no. : 45

Robocup-at-work torques :
J1 :-0.000000
J2 :1.624726
J3 :1.336274
J4 :1.414503
J5 :-0.005317
Robocup frame :
[[0.053486    ,-0.082538   ,-0.995152   ;
 -0.863585   ,-0.504182   ,-0.004597   ;
 -0.501358   ,0.859644    ,-0.098245   ]
[-0.081745   ,-0.000489   ,0.389620    ]]
Keiser's Torques :
J1 :0.000000
J2 :1.791027
J3 :-1.350061
J4 :1.437677
J5 :0.006350
Keiser's frame :
-0.944476 0.281513 -0.149329 -0.213494 
-0.012171 -0.500245 -0.865798 -0.002741 
-0.318435 -0.818844 0.477592 0.364565 
0.000000 0.000000 0.000000 1.000000 
Luhbot's model torques 
J1: 0.000000
J2: 0.446426
J3: 3.722231
J4: 1.256174
J5: 0.000000

Experiment no. : 46

Robocup-at-work torques :
J1 :0.000000
J2 :-0.970326
J3 :-1.258778
J4 :-1.180548
J5 :-0.007025
Robocup frame :
[[0.426284    ,-0.337450   ,0.839291    ;
 0.615966    ,0.787763    ,0.003877    ;
 -0.662471   ,0.515322    ,0.543669    ]
[0.155449    ,0.000607    ,0.476737    ]]
Keiser's Torques :
J1 :0.000000
J2 :-0.864762
J3 :1.305727
J4 :-1.218111
J5 :0.003807
Keiser's frame :
0.693817 0.430468 -0.574329 0.144936 
0.008941 0.794922 0.606646 0.001861 
0.717688 -0.427547 0.549661 0.590440 
0.000000 0.000000 0.000000 1.000000 
Luhbot's model torques 
J1: 0.000000
J2: -2.047290
J3: 1.099328
J4: -1.287945
J5: 0.000000

Experiment no. : 47

Robocup-at-work torques :
J1 :0.000000
J2 :-0.839763
J3 :-1.128215
J4 :-1.049986
J5 :0.003084
Robocup frame :
[[-0.259938   ,-0.607004   ,0.750985    ;
 0.920799    ,-0.390023   ,0.003469    ;
 0.290795    ,0.692408    ,0.660310    ]
[0.143736    ,0.000553    ,0.491724    ]]
Keiser's Torques :
J1 :0.000000
J2 :-0.744748
J3 :1.185714
J4 :-1.098097
J5 :0.005115
Keiser's frame :
0.582059 0.753216 0.302384 0.120485 
0.007501 -0.377550 0.925959 0.001547 
0.811612 -0.538629 -0.226195 0.610915 
0.000000 0.000000 0.000000 1.000000 
Luhbot's model torques 
J1: 0.000000
J2: -1.942331
J3: 1.204287
J4: -1.182986
J5: 0.000000

Experiment no. : 48

Robocup-at-work torques :
J1 :0.000000
J2 :1.516265
J3 :1.227813
J4 :1.306042
J5 :0.000346
Robocup frame :
[[0.018893    ,0.399974    ,-0.916332   ;
 -0.999288   ,0.037503    ,-0.004233   ;
 0.032672    ,0.915759    ,0.400397    ]
[-0.072495   ,-0.000446   ,0.454601    ]]
Keiser's Torques :
J1 :0.000000
J2 :1.667253
J3 :-1.226287
J4 :1.313904
J5 :0.006765
Keiser's frame :
-0.979105 -0.185526 0.006234 -0.221070 
-0.012618 0.033249 -0.999367 -0.002839 
0.185201 -0.982077 -0.035012 0.474358 
0.000000 0.000000 0.000000 1.000000 
Luhbot's model torques 
J1: 0.000000
J2: 0.062058
J3: 3.337863
J4: 0.871806
J5: 0.000000

Experiment no. : 49

Robocup-at-work torques :
J1 :0.000000
J2 :1.617453
J3 :1.329001
J4 :1.407230
J5 :-0.000297
Robocup frame :
[[-0.001049   ,0.126528    ,-0.991962   ;
 0.999607    ,-0.027642   ,-0.004583   ;
 -0.028000   ,-0.991578   ,-0.126449   ]
[-0.081274   ,-0.000486   ,0.385959    ]]
Keiser's Torques :
J1 :0.000000
J2 :1.786643
J3 :-1.345678
J4 :1.433294
J5 :-0.007325
Keiser's frame :
-0.935091 -0.344683 -0.022569 -0.211441 
-0.012050 -0.032628 0.999395 -0.002715 
-0.345210 0.938152 0.026466 0.358728 
0.000000 0.000000 0.000000 1.000000 
Luhbot's model torques 
J1: 0.000000
J2: 0.452468
J3: 3.728272
J4: 1.262215
J5: 0.000000
