
Experiment no. : 0

Robocup-at-work torques :
J1 :0.000000
J2 :0.259643
J3 :-0.028809
J4 :0.049420
J5 :0.000018
Robocup frame :
[[0.060571    ,0.997719    ,-0.029811   ;
 -0.998163   ,0.060593    ,-0.000138   ;
 0.001669    ,0.029765    ,0.999556    ]
[0.041554    ,0.000081    ,0.534264    ]]
Keiser's Torques :
J1 :0.000000
J2 :0.377064
J3 :0.063902
J4 :0.023715
J5 :0.000220
Keiser's frame :
-0.251795 -0.966662 -0.041317 -0.061948 
-0.003245 0.043549 -0.999046 -0.000795 
0.967540 -0.252324 -0.014141 0.644907 
0.000000 0.000000 0.000000 1.000000 
Luhbot's model torques 
J1: 0.000000
J2: -1.213733
J3: 1.932885
J4: -0.454387
J5: 0.000000

Experiment no. : 1

Robocup-at-work torques :
J1 :0.000000
J2 :0.260561
J3 :-0.027891
J4 :0.050338
J5 :-0.000130
Robocup frame :
[[-0.406269   ,0.913267    ,-0.029811   ;
 -0.913671   ,-0.406454   ,-0.000138   ;
 -0.012243   ,0.027182    ,0.999556    ]
[0.041554    ,0.000081    ,0.534264    ]]
Keiser's Torques :
J1 :0.000000
J2 :0.373618
J3 :0.067347
J4 :0.020269
J5 :0.000200
Keiser's frame :
-0.251795 -0.876831 0.409036 -0.061948 
-0.003245 -0.421986 -0.906597 -0.000795 
0.967540 -0.230423 0.103790 0.644907 
0.000000 0.000000 0.000000 1.000000 
Luhbot's model torques 
J1: 0.000000
J2: -1.140953
J3: 2.005664
J4: -0.381608
J5: 0.000000

Experiment no. : 2

Robocup-at-work torques :
J1 :-0.000000
J2 :0.265401
J3 :-0.023050
J4 :0.055179
J5 :-0.000281
Robocup frame :
[[-0.887917   ,0.459037    ,-0.029811   ;
 -0.459238   ,-0.888313   ,-0.000138   ;
 -0.026545   ,0.013568    ,0.999556    ]
[0.041554    ,0.000081    ,0.534264    ]]
Keiser's Torques :
J1 :0.000000
J2 :0.370076
J3 :0.070890
J4 :0.016727
J5 :0.000100
Keiser's frame :
-0.251795 -0.428865 0.867305 -0.061948 
-0.003245 -0.896017 -0.444008 -0.000795 
0.967540 -0.115014 0.225031 0.644907 
0.000000 0.000000 0.000000 1.000000 
Luhbot's model torques 
J1: 0.000000
J2: -1.053924
J3: 2.092694
J4: -0.294578
J5: 0.000000

Experiment no. : 3

Robocup-at-work torques :
J1 :0.000000
J2 :0.279839
J3 :-0.008613
J4 :0.069616
J5 :-0.000133
Robocup frame :
[[-0.425386   ,-0.904521   ,-0.029811   ;
 0.904925    ,-0.425571   ,-0.000138   ;
 -0.012562   ,-0.027035   ,0.999556    ]
[0.041554    ,0.000081    ,0.534264    ]]
Keiser's Torques :
J1 :0.000000
J2 :0.373540
J3 :0.067426
J4 :0.020190
J5 :-0.000199
Keiser's frame :
-0.251795 0.882791 0.396008 -0.061948 
-0.003245 -0.410063 0.912051 -0.000795 
0.967540 0.229189 0.106487 0.644907 
0.000000 0.000000 0.000000 1.000000 
Luhbot's model torques 
J1: 0.000000
J2: -1.078952
J3: 2.067665
J4: -0.319607
J5: 0.000000

Experiment no. : 4

Robocup-at-work torques :
J1 :0.000000
J2 :0.260952
J3 :-0.027500
J4 :0.050729
J5 :0.000153
Robocup frame :
[[0.488069    ,0.872296    ,-0.029811   ;
 -0.872686   ,0.488282    ,-0.000138   ;
 0.014436    ,0.026083    ,0.999556    ]
[0.041554    ,0.000081    ,0.534264    ]]
Keiser's Torques :
J1 :0.000000
J2 :0.380226
J3 :0.060740
J4 :0.026877
J5 :0.000192
Keiser's frame :
-0.251795 -0.852690 -0.457234 -0.061948 
-0.003245 0.473315 -0.880887 -0.000795 
0.967540 -0.221115 -0.122373 0.644907 
0.000000 0.000000 0.000000 1.000000 
Luhbot's model torques 
J1: 0.000000
J2: -1.273783
J3: 1.872835
J4: -0.514437
J5: 0.000000

Experiment no. : 5

Robocup-at-work torques :
J1 :-0.000000
J2 :0.270750
J3 :-0.017702
J4 :0.060527
J5 :0.000316
Robocup frame :
[[0.998096    ,-0.053998   ,-0.029811   ;
 0.054018    ,0.998540    ,-0.000138   ;
 0.029775    ,-0.001473   ,0.999556    ]
[0.041554    ,0.000081    ,0.534264    ]]
Keiser's Torques :
J1 :0.000000
J2 :0.384026
J3 :0.056940
J4 :0.030676
J5 :-0.000011
Keiser's frame :
-0.251795 0.034949 -0.966914 -0.061948 
-0.003245 0.999311 0.036968 -0.000795 
0.967540 0.012479 -0.252411 0.644907 
0.000000 0.000000 0.000000 1.000000 
Luhbot's model torques 
J1: 0.000000
J2: -1.320161
J3: 1.826457
J4: -0.560815
J5: 0.000000

Experiment no. : 6

Robocup-at-work torques :
J1 :0.000000
J2 :0.278417
J3 :-0.010035
J4 :0.068194
J5 :-0.000201
Robocup frame :
[[-0.638006   ,-0.769454   ,-0.029811   ;
 0.769799    ,-0.638286   ,-0.000138   ;
 -0.018922   ,-0.023036   ,0.999556    ]
[0.041554    ,0.000081    ,0.534264    ]]
Keiser's Torques :
J1 :0.000000
J2 :0.371964
J3 :0.069001
J4 :0.018615
J5 :-0.000170
Keiser's frame :
-0.251795 0.755759 0.604129 -0.061948 
-0.003245 -0.625052 0.780576 -0.000795 
0.967540 0.195290 0.160402 0.644907 
0.000000 0.000000 0.000000 1.000000 
Luhbot's model torques 
J1: 0.000000
J2: -1.051450
J3: 2.095167
J4: -0.292105
J5: 0.000000

Experiment no. : 7

Robocup-at-work torques :
J1 :0.000000
J2 :0.261697
J3 :-0.026754
J4 :0.051475
J5 :-0.000188
Robocup frame :
[[-0.589872   ,0.806946    ,-0.029811   ;
 -0.807303   ,-0.590138   ,-0.000138   ;
 -0.017704   ,0.023985    ,0.999556    ]
[0.041554    ,0.000081    ,0.534264    ]]
Keiser's Torques :
J1 :0.000000
J2 :0.372266
J3 :0.068700
J4 :0.018917
J5 :0.000177
Keiser's frame :
-0.251795 -0.770748 0.584886 -0.061948 
-0.003245 -0.603827 -0.797109 -0.000795 
0.967540 -0.203326 0.150085 0.644907 
0.000000 0.000000 0.000000 1.000000 
Luhbot's model torques 
J1: 0.000000
J2: -1.109952
J3: 2.036666
J4: -0.350606
J5: 0.000000

Experiment no. : 8

Robocup-at-work torques :
J1 :0.000000
J2 :0.279121
J3 :-0.009331
J4 :0.068898
J5 :0.000172
Robocup frame :
[[0.539786    ,-0.841274   ,-0.029811   ;
 0.841646    ,0.540029    ,-0.000138   ;
 0.016215    ,-0.025016   ,0.999556    ]
[0.041554    ,0.000081    ,0.534264    ]]
Keiser's Torques :
J1 :0.000000
J2 :0.380667
J3 :0.060299
J4 :0.027318
J5 :-0.000185
Keiser's frame :
-0.251795 0.804840 -0.537007 -0.061948 
-0.003245 0.554312 0.832303 -0.000795 
0.967540 0.212064 -0.137462 0.644907 
0.000000 0.000000 0.000000 1.000000 
Luhbot's model torques 
J1: 0.000000
J2: -1.225798
J3: 1.920820
J4: -0.466452
J5: 0.000000

Experiment no. : 9

Robocup-at-work torques :
J1 :0.000000
J2 :0.279869
J3 :-0.008583
J4 :0.069646
J5 :0.000131
Robocup frame :
[[0.410833    ,-0.911223   ,-0.029811   ;
 0.911627    ,0.411020    ,-0.000138   ;
 0.012378    ,-0.027120   ,0.999556    ]
[0.041554    ,0.000081    ,0.534264    ]]
Keiser's Torques :
J1 :0.000000
J2 :0.379717
J3 :0.061249
J4 :0.026368
J5 :-0.000200
Keiser's frame :
-0.251795 0.874774 -0.413417 -0.061948 
-0.003245 0.426516 0.904474 -0.000795 
0.967540 0.229901 -0.104941 0.644907 
0.000000 0.000000 0.000000 1.000000 
Luhbot's model torques 
J1: 0.000000
J2: -1.204178
J3: 1.942440
J4: -0.444832
J5: 0.000000

Experiment no. : 10

Robocup-at-work torques :
J1 :0.000000
J2 :0.261263
J3 :-0.027188
J4 :0.051041
J5 :0.000169
Robocup frame :
[[0.537619    ,0.842661    ,-0.029811   ;
 -0.843037   ,0.537855    ,-0.000138   ;
 0.015918    ,0.025206    ,0.999556    ]
[0.041554    ,0.000081    ,0.534264    ]]
Keiser's Torques :
J1 :0.000000
J2 :0.380593
J3 :0.060372
J4 :0.027244
J5 :0.000186
Keiser's frame :
-0.251795 -0.824868 -0.505703 -0.061948 
-0.003245 0.523386 -0.852090 -0.000795 
0.967540 -0.213681 -0.134936 0.644907 
0.000000 0.000000 0.000000 1.000000 
Luhbot's model torques 
J1: 0.000000
J2: -1.280252
J3: 1.866366
J4: -0.520906
J5: 0.000000

Experiment no. : 11

Robocup-at-work torques :
J1 :-0.000000
J2 :0.278776
J3 :-0.009676
J4 :0.068553
J5 :0.000187
Robocup frame :
[[0.587119    ,-0.808951   ,-0.029811   ;
 0.809309    ,0.587384    ,-0.000138   ;
 0.017622    ,-0.024045   ,0.999556    ]
[0.041554    ,0.000081    ,0.534264    ]]
Keiser's Torques :
J1 :0.000000
J2 :0.381016
J3 :0.059950
J4 :0.027666
J5 :-0.000177
Keiser's frame :
-0.251795 0.772736 -0.582256 -0.061948 
-0.003245 0.601107 0.799162 -0.000795 
0.967540 0.203837 -0.149392 0.644907 
0.000000 0.000000 0.000000 1.000000 
Luhbot's model torques 
J1: 0.000000
J2: -1.233950
J3: 1.912668
J4: -0.474604
J5: 0.000000

Experiment no. : 12

Robocup-at-work torques :
J1 :0.000000
J2 :0.280590
J3 :-0.007862
J4 :0.070367
J5 :-0.000066
Robocup frame :
[[-0.214172   ,-0.976341   ,-0.029811   ;
 0.976776    ,-0.214264   ,-0.000138   ;
 -0.006253   ,-0.029148   ,0.999556    ]
[0.041554    ,0.000081    ,0.534264    ]]
Keiser's Torques :
J1 :0.000000
J2 :0.375102
J3 :0.065863
J4 :0.021753
J5 :-0.000215
Keiser's frame :
-0.251795 0.948637 0.190346 -0.061948 
-0.003245 -0.197561 0.980285 -0.000795 
0.967540 0.247099 0.053002 0.644907 
0.000000 0.000000 0.000000 1.000000 
Luhbot's model torques 
J1: 0.000000
J2: -1.108301
J3: 2.038317
J4: -0.348955
J5: 0.000000

Experiment no. : 13

Robocup-at-work torques :
J1 :0.000000
J2 :0.279304
J3 :-0.009148
J4 :0.069081
J5 :0.000163
Robocup frame :
[[0.512053    ,-0.858437   ,-0.029811   ;
 0.858816    ,0.512284    ,-0.000138   ;
 0.015390    ,-0.025532   ,0.999556    ]
[0.041554    ,0.000081    ,0.534264    ]]
Keiser's Torques :
J1 :0.000000
J2 :0.380463
J3 :0.060503
J4 :0.027114
J5 :-0.000188
Keiser's frame :
-0.251795 0.821931 -0.510464 -0.061948 
-0.003245 0.526864 0.849944 -0.000795 
0.967540 0.216436 -0.130471 0.644907 
0.000000 0.000000 0.000000 1.000000 
Luhbot's model torques 
J1: 0.000000
J2: -1.221079
J3: 1.925539
J4: -0.461734
J5: 0.000000

Experiment no. : 14

Robocup-at-work torques :
J1 :0.000000
J2 :0.259676
J3 :-0.028776
J4 :0.049454
J5 :-0.000031
Robocup frame :
[[-0.092820   ,0.995237    ,-0.029811   ;
 -0.995679   ,-0.092866   ,-0.000138   ;
 -0.002905   ,0.029669    ,0.999556    ]
[0.041554    ,0.000081    ,0.534264    ]]
Keiser's Torques :
J1 :0.000000
J2 :0.375931
J3 :0.065035
J4 :0.022582
J5 :0.000219
Keiser's frame :
-0.251795 -0.961600 0.107095 -0.061948 
-0.003245 -0.109844 -0.993944 -0.000795 
0.967540 -0.251516 0.024637 0.644907 
0.000000 0.000000 0.000000 1.000000 
Luhbot's model torques 
J1: 0.000000
J2: -1.190641
J3: 1.955977
J4: -0.431296
J5: 0.000000

Experiment no. : 15

Robocup-at-work torques :
J1 :-0.000000
J2 :0.280776
J3 :-0.007676
J4 :0.070553
J5 :0.000031
Robocup frame :
[[0.092226    ,-0.995292   ,-0.029811   ;
 0.995734    ,0.092271    ,-0.000138   ;
 0.002888    ,-0.029671   ,0.999556    ]
[0.041554    ,0.000081    ,0.534264    ]]
Keiser's Torques :
J1 :0.000000
J2 :0.377366
J3 :0.063599
J4 :0.024017
J5 :-0.000219
Keiser's frame :
-0.251795 0.961664 -0.106520 -0.061948 
-0.003245 0.109250 0.994009 -0.000795 
0.967540 0.251530 -0.024487 0.644907 
0.000000 0.000000 0.000000 1.000000 
Luhbot's model torques 
J1: 0.000000
J2: -1.153648
J3: 1.992970
J4: -0.394302
J5: 0.000000

Experiment no. : 16

Robocup-at-work torques :
J1 :0.000000
J2 :0.277400
J3 :-0.011052
J4 :0.067177
J5 :-0.000233
Robocup frame :
[[-0.738942   ,-0.673109   ,-0.029811   ;
 0.673411    ,-0.739268   ,-0.000138   ;
 -0.021946   ,-0.020177   ,0.999556    ]
[0.041554    ,0.000081    ,0.534264    ]]
Keiser's Torques :
J1 :0.000000
J2 :0.371216
J3 :0.069750
J4 :0.017866
J5 :-0.000149
Keiser's frame :
-0.251795 0.664265 0.703488 -0.061948 
-0.003245 -0.727664 0.685926 -0.000795 
0.967540 0.171050 0.186035 0.644907 
0.000000 0.000000 0.000000 1.000000 
Luhbot's model torques 
J1: 0.000000
J2: -1.039443
J3: 2.107175
J4: -0.280097
J5: 0.000000

Experiment no. : 17

Robocup-at-work torques :
J1 :0.000000
J2 :0.260042
J3 :-0.028410
J4 :0.049819
J5 :0.000088
Robocup frame :
[[0.281747    ,0.959026    ,-0.029811   ;
 -0.959453   ,0.281868    ,-0.000138   ;
 0.008271    ,0.028641    ,0.999556    ]
[0.041554    ,0.000081    ,0.534264    ]]
Keiser's Torques :
J1 :0.000000
J2 :0.378699
J3 :0.062267
J4 :0.025350
J5 :0.000211
Keiser's frame :
-0.251795 -0.933051 -0.256046 -0.061948 
-0.003245 0.265451 -0.964119 -0.000795 
0.967540 -0.242801 -0.070107 0.644907 
0.000000 0.000000 0.000000 1.000000 
Luhbot's model torques 
J1: 0.000000
J2: -1.245653
J3: 1.900965
J4: -0.486308
J5: 0.000000

Experiment no. : 18

Robocup-at-work torques :
J1 :0.000000
J2 :0.262360
J3 :-0.026092
J4 :0.052137
J5 :0.000212
Robocup frame :
[[0.673445    ,0.738636    ,-0.029811   ;
 -0.738967   ,0.673742    ,-0.000138   ;
 0.019983    ,0.022122    ,0.999556    ]
[0.041554    ,0.000081    ,0.534264    ]]
Keiser's Torques :
J1 :0.000000
J2 :0.381600
J3 :0.059366
J4 :0.028251
J5 :0.000163
Keiser's frame :
-0.251795 -0.726547 -0.638963 -0.061948 
-0.003245 0.661028 -0.750354 -0.000795 
0.967540 -0.187540 -0.169399 0.644907 
0.000000 0.000000 0.000000 1.000000 
Luhbot's model torques 
J1: 0.000000
J2: -1.297243
J3: 1.849374
J4: -0.537898
J5: 0.000000

Experiment no. : 19

Robocup-at-work torques :
J1 :-0.000000
J2 :0.273667
J3 :-0.014785
J4 :0.063444
J5 :-0.000299
Robocup frame :
[[-0.946910   ,-0.320114   ,-0.029811   ;
 0.320261    ,-0.947329   ,-0.000138   ;
 -0.028197   ,-0.009678   ,0.999556    ]
[0.041554    ,0.000081    ,0.534264    ]]
Keiser's Torques :
J1 :0.000000
J2 :0.369667
J3 :0.071299
J4 :0.016318
J5 :-0.000071
Keiser's frame :
-0.251795 0.326236 0.910886 -0.061948 
-0.003245 -0.941721 0.336380 -0.000795 
0.967540 0.082047 0.239030 0.644907 
0.000000 0.000000 0.000000 1.000000 
Luhbot's model torques 
J1: 0.000000
J2: -1.019728
J3: 2.126890
J4: -0.260383
J5: -0.006196

Experiment no. : 20

Robocup-at-work torques :
J1 :0.000000
J2 :0.264709
J3 :-0.023743
J4 :0.054486
J5 :0.000270
Robocup frame :
[[0.855900    ,0.516282    ,-0.029811   ;
 -0.516515   ,0.856278    ,-0.000138   ;
 0.025455    ,0.015516    ,0.999556    ]
[0.041554    ,0.000081    ,0.534264    ]]
Keiser's Torques :
J1 :0.000000
J2 :0.382956
J3 :0.058010
J4 :0.029606
J5 :0.000114
Keiser's frame :
-0.251795 -0.514513 -0.819402 -0.061948 
-0.003245 0.847334 -0.531051 -0.000795 
0.967540 -0.131537 -0.215790 0.644907 
0.000000 0.000000 0.000000 1.000000 
Luhbot's model torques 
J1: 0.000000
J2: -1.317381
J3: 1.829237
J4: -0.558035
J5: 0.000000

Experiment no. : 21

Robocup-at-work torques :
J1 :0.000000
J2 :0.267447
J3 :-0.021005
J4 :0.057225
J5 :0.000305
Robocup frame :
[[0.965806    ,0.257547    ,-0.029811   ;
 -0.257666   ,0.966234    ,-0.000138   ;
 0.028769    ,0.007814    ,0.999556    ]
[0.041554    ,0.000081    ,0.534264    ]]
Keiser's Torques :
J1 :0.000000
J2 :0.383776
J3 :0.057189
J4 :0.030427
J5 :0.000058
Keiser's frame :
-0.251795 -0.266011 -0.930259 -0.061948 
-0.003245 0.961691 -0.274117 -0.000795 
0.967540 -0.066251 -0.243881 0.644907 
0.000000 0.000000 0.000000 1.000000 
Luhbot's model torques 
J1: 0.000000
J2: -1.325451
J3: 1.821167
J4: -0.566106
J5: 0.002597

Experiment no. : 22

Robocup-at-work torques :
J1 :0.000000
J2 :0.261559
J3 :-0.026893
J4 :0.051337
J5 :-0.000182
Robocup frame :
[[-0.571708   ,0.819916    ,-0.029811   ;
 -0.820278   ,-0.571965   ,-0.000138   ;
 -0.017164   ,0.024375    ,0.999556    ]
[0.041554    ,0.000081    ,0.534264    ]]
Keiser's Torques :
J1 :0.000000
J2 :0.372400
J3 :0.068566
J4 :0.019050
J5 :0.000180
Keiser's frame :
-0.251795 -0.783615 0.567531 -0.061948 
-0.003245 -0.585878 -0.810393 -0.000795 
0.967540 -0.206627 0.145508 0.644907 
0.000000 0.000000 0.000000 1.000000 
Luhbot's model torques 
J1: 0.000000
J2: -1.113099
J3: 2.033519
J4: -0.353753
J5: 0.000000

Experiment no. : 23

Robocup-at-work torques :
J1 :0.000000
J2 :0.273435
J3 :-0.015017
J4 :0.063213
J5 :0.000301
Robocup frame :
[[0.951235    ,-0.307024   ,-0.029811   ;
 0.307157    ,0.951659    ,-0.000138   ;
 0.028412    ,-0.009026   ,0.999556    ]
[0.041554    ,0.000081    ,0.534264    ]]
Keiser's Torques :
J1 :0.000000
J2 :0.383688
J3 :0.057278
J4 :0.030339
J5 :-0.000067
Keiser's frame :
-0.251795 0.280646 -0.925949 -0.061948 
-0.003245 0.956757 0.290869 -0.000795 
0.967540 0.076507 -0.240861 0.644907 
0.000000 0.000000 0.000000 1.000000 
Luhbot's model torques 
J1: 0.000000
J2: -1.304900
J3: 1.841718
J4: -0.545554
J5: 0.000000

Experiment no. : 24

Robocup-at-work torques :
J1 :0.000000
J2 :0.275590
J3 :-0.012862
J4 :0.065367
J5 :-0.000273
Robocup frame :
[[-0.864471   ,-0.501797   ,-0.029811   ;
 0.502024    ,-0.864854   ,-0.000138   ;
 -0.025713   ,-0.015085   ,0.999556    ]
[0.041554    ,0.000081    ,0.534264    ]]
Keiser's Torques :
J1 :0.000000
J2 :0.370282
J3 :0.070683
J4 :0.016933
J5 :-0.000111
Keiser's frame :
-0.251795 0.500643 0.827949 -0.061948 
-0.003245 -0.856155 0.516708 -0.000795 
0.967540 0.127885 0.217974 0.644907 
0.000000 0.000000 0.000000 1.000000 
Luhbot's model torques 
J1: 0.000000
J2: -1.026185
J3: 2.120433
J4: -0.266839
J5: 0.000000

Experiment no. : 25

Robocup-at-work torques :
J1 :0.000000
J2 :0.279197
J3 :-0.009255
J4 :0.068975
J5 :-0.000168
Robocup frame :
[[-0.536276   ,-0.843516   ,-0.029811   ;
 0.843894    ,-0.536511   ,-0.000138   ;
 -0.015878   ,-0.025231   ,0.999556    ]
[0.041554    ,0.000081    ,0.534264    ]]
Keiser's Torques :
J1 :0.000000
J2 :0.372718
J3 :0.068247
J4 :0.019369
J5 :-0.000186
Keiser's frame :
-0.251795 0.825673 0.504388 -0.061948 
-0.003245 -0.522027 0.852923 -0.000795 
0.967540 0.213896 0.134595 0.644907 
0.000000 0.000000 0.000000 1.000000 
Luhbot's model torques 
J1: 0.000000
J2: -1.064302
J3: 2.082316
J4: -0.304956
J5: 0.000000

Experiment no. : 26

Robocup-at-work torques :
J1 :0.000000
J2 :0.276725
J3 :-0.011727
J4 :0.066502
J5 :0.000250
Robocup frame :
[[0.786802    ,-0.616485   ,-0.029811   ;
 0.616755    ,0.787155    ,-0.000138   ;
 0.023551    ,-0.018278   ,0.999556    ]
[0.041554    ,0.000081    ,0.534264    ]]
Keiser's Torques :
J1 :0.000000
J2 :0.382484
J3 :0.058482
J4 :0.029135
J5 :-0.000135
Keiser's frame :
-0.251795 0.583000 -0.772175 -0.061948 
-0.003245 0.797562 0.603228 -0.000795 
0.967540 0.154941 -0.199651 0.644907 
0.000000 0.000000 0.000000 1.000000 
Luhbot's model torques 
J1: 0.000000
J2: -1.270166
J3: 1.876452
J4: -0.510820
J5: 0.000000

Experiment no. : 27

Robocup-at-work torques :
J1 :0.000000
J2 :0.259632
J3 :-0.028820
J4 :0.049409
J5 :0.000010
Robocup frame :
[[0.037160    ,0.998865    ,-0.029811   ;
 -0.999309   ,0.037172    ,-0.000138   ;
 0.000971    ,0.029796    ,0.999556    ]
[0.041554    ,0.000081    ,0.534264    ]]
Keiser's Torques :
J1 :0.000000
J2 :0.376891
J3 :0.064075
J4 :0.023542
J5 :0.000220
Keiser's frame :
-0.251795 -0.967365 -0.018639 -0.061948 
-0.003245 0.020112 -0.999792 -0.000795 
0.967540 -0.252586 -0.008221 0.644907 
0.000000 0.000000 0.000000 1.000000 
Luhbot's model torques 
J1: 0.000000
J2: -1.210258
J3: 1.936360
J4: -0.450912
J5: 0.000000

Experiment no. : 28

Robocup-at-work torques :
J1 :0.000000
J2 :0.274220
J3 :-0.014232
J4 :0.063997
J5 :-0.000293
Robocup frame :
[[-0.927609   ,-0.372361   ,-0.029811   ;
 0.372531    ,-0.928020   ,-0.000138   ;
 -0.027614   ,-0.011233   ,0.999556    ]
[0.041554    ,0.000081    ,0.534264    ]]
Keiser's Torques :
J1 :0.000000
J2 :0.369812
J3 :0.071154
J4 :0.016462
J5 :-0.000083
Keiser's frame :
-0.251795 0.376467 0.891300 -0.061948 
-0.003245 -0.921522 0.388313 -0.000795 
0.967540 0.095234 0.234089 0.644907 
0.000000 0.000000 0.000000 1.000000 
Luhbot's model torques 
J1: 0.000000
J2: -1.020924
J3: 2.125694
J4: -0.261578
J5: -0.009242

Experiment no. : 29

Robocup-at-work torques :
J1 :0.000000
J2 :0.261536
J3 :-0.026915
J4 :0.051314
J5 :-0.000181
Robocup frame :
[[-0.568662   ,0.822031    ,-0.029811   ;
 -0.822394   ,-0.568918   ,-0.000138   ;
 -0.017073   ,0.024438    ,0.999556    ]
[0.041554    ,0.000081    ,0.534264    ]]
Keiser's Torques :
J1 :0.000000
J2 :0.372422
J3 :0.068544
J4 :0.019073
J5 :0.000180
Keiser's frame :
-0.251795 -0.785715 0.564620 -0.061948 
-0.003245 -0.582867 -0.812561 -0.000795 
0.967540 -0.207165 0.144740 0.644907 
0.000000 0.000000 0.000000 1.000000 
Luhbot's model torques 
J1: 0.000000
J2: -1.113625
J3: 2.032993
J4: -0.354279
J5: 0.000000

Experiment no. : 30

Robocup-at-work torques :
J1 :0.000000
J2 :0.260509
J3 :-0.027943
J4 :0.050286
J5 :-0.000126
Robocup frame :
[[-0.395171   ,0.918124    ,-0.029811   ;
 -0.918530   ,-0.395351   ,-0.000138   ;
 -0.011912   ,0.027328    ,0.999556    ]
[0.041554    ,0.000081    ,0.534264    ]]
Keiser's Torques :
J1 :0.000000
J2 :0.373700
J3 :0.067265
J4 :0.020351
J5 :0.000202
Keiser's frame :
-0.251795 -0.881724 0.398379 -0.061948 
-0.003245 -0.410967 -0.911644 -0.000795 
0.967540 -0.231664 0.100990 0.644907 
0.000000 0.000000 0.000000 1.000000 
Luhbot's model torques 
J1: 0.000000
J2: -1.142776
J3: 2.003842
J4: -0.383431
J5: 0.000000

Experiment no. : 31

Robocup-at-work torques :
J1 :0.000000
J2 :0.259628
J3 :-0.028824
J4 :0.049406
J5 :-0.000007
Robocup frame :
[[-0.015948   ,0.999428    ,-0.029811   ;
 -0.999873   ,-0.015959   ,-0.000138   ;
 -0.000613   ,0.029805    ,0.999556    ]
[0.041554    ,0.000081    ,0.534264    ]]
Keiser's Torques :
J1 :0.000000
J2 :0.376499
J3 :0.064467
J4 :0.023150
J5 :0.000220
Keiser's frame :
-0.251795 -0.966990 0.032769 -0.061948 
-0.003245 -0.033021 -0.999449 -0.000795 
0.967540 -0.252666 0.005207 0.644907 
0.000000 0.000000 0.000000 1.000000 
Luhbot's model torques 
J1: 0.000000
J2: -1.202309
J3: 1.944308
J4: -0.442964
J5: 0.000000

Experiment no. : 32

Robocup-at-work torques :
J1 :0.000000
J2 :0.261422
J3 :-0.027030
J4 :0.051200
J5 :0.000176
Robocup frame :
[[0.560545    ,0.827587    ,-0.029811   ;
 -0.827958   ,0.560791    ,-0.000138   ;
 0.016604    ,0.024759    ,0.999556    ]
[0.041554    ,0.000081    ,0.534264    ]]
Keiser's Torques :
J1 :0.000000
J2 :0.380763
J3 :0.060203
J4 :0.027414
J5 :0.000183
Keiser's frame :
-0.251795 -0.810678 -0.528153 -0.061948 
-0.003245 0.546576 -0.837403 -0.000795 
0.967540 -0.209897 -0.140749 0.644907 
0.000000 0.000000 0.000000 1.000000 
Luhbot's model torques 
J1: 0.000000
J2: -1.283201
J3: 1.863417
J4: -0.523855
J5: 0.000000

Experiment no. : 33

Robocup-at-work torques :
J1 :0.000000
J2 :0.261151
J3 :-0.027301
J4 :0.050929
J5 :0.000163
Robocup frame :
[[0.520549    ,0.853311    ,-0.029811   ;
 -0.853693   ,0.520777    ,-0.000138   ;
 0.015407    ,0.025521    ,0.999556    ]
[0.041554    ,0.000081    ,0.534264    ]]
Keiser's Torques :
J1 :0.000000
J2 :0.380467
J3 :0.060499
J4 :0.027118
J5 :0.000188
Keiser's frame :
-0.251795 -0.834880 -0.488997 -0.061948 
-0.003245 0.506129 -0.862452 -0.000795 
0.967540 -0.216354 -0.130607 0.644907 
0.000000 0.000000 0.000000 1.000000 
Luhbot's model torques 
J1: 0.000000
J2: -1.278037
J3: 1.868580
J4: -0.518692
J5: 0.000000

Experiment no. : 34

Robocup-at-work torques :
J1 :0.000000
J2 :0.261187
J3 :-0.027265
J4 :0.050964
J5 :0.000165
Robocup frame :
[[0.526050    ,0.849931    ,-0.029811   ;
 -0.850311   ,0.526281    ,-0.000138   ;
 0.015572    ,0.025421    ,0.999556    ]
[0.041554    ,0.000081    ,0.534264    ]]
Keiser's Torques :
J1 :0.000000
J2 :0.380508
J3 :0.060458
J4 :0.027158
J5 :0.000187
Keiser's frame :
-0.251795 -0.831704 -0.494380 -0.061948 
-0.003245 0.511689 -0.859164 -0.000795 
0.967540 -0.215506 -0.132002 0.644907 
0.000000 0.000000 0.000000 1.000000 
Luhbot's model torques 
J1: 0.000000
J2: -1.278753
J3: 1.867865
J4: -0.519407
J5: 0.000000

Experiment no. : 35

Robocup-at-work torques :
J1 :0.000000
J2 :0.268857
J3 :-0.019595
J4 :0.058634
J5 :0.000313
Robocup frame :
[[0.991768    ,0.124532    ,-0.029811   ;
 -0.124591   ,0.992208    ,-0.000138   ;
 0.029562    ,0.003851    ,0.999556    ]
[0.041554    ,0.000081    ,0.534264    ]]
Keiser's Torques :
J1 :0.000000
J2 :0.383973
J3 :0.056993
J4 :0.030623
J5 :0.000028
Keiser's frame :
-0.251795 -0.137726 -0.957693 -0.061948 
-0.003245 0.989932 -0.141506 -0.000795 
0.967540 -0.032651 -0.250601 0.644907 
0.000000 0.000000 0.000000 1.000000 
Luhbot's model torques 
J1: 0.000000
J2: -1.325019
J3: 1.821599
J4: -0.565673
J5: -0.004887

Experiment no. : 36

Robocup-at-work torques :
J1 :0.000000
J2 :0.267490
J3 :-0.020962
J4 :0.057267
J5 :0.000305
Robocup frame :
[[0.966869    ,0.253528    ,-0.029811   ;
 -0.253644   ,0.967298    ,-0.000138   ;
 0.028801    ,0.007695    ,0.999556    ]
[0.041554    ,0.000081    ,0.534264    ]]
Keiser's Torques :
J1 :0.000000
J2 :0.383784
J3 :0.057181
J4 :0.030435
J5 :0.000057
Keiser's frame :
-0.251795 -0.262139 -0.931357 -0.061948 
-0.003245 0.962823 -0.270114 -0.000795 
0.967540 -0.065235 -0.244155 0.644907 
0.000000 0.000000 0.000000 1.000000 
Luhbot's model torques 
J1: 0.000000
J2: -1.325480
J3: 1.821138
J4: -0.566134
J5: 0.002368

Experiment no. : 37

Robocup-at-work torques :
J1 :0.000000
J2 :0.274749
J3 :-0.013703
J4 :0.064526
J5 :0.000286
Robocup frame :
[[0.902012    ,-0.430680   ,-0.029811   ;
 0.430868    ,0.902415    ,-0.000138   ;
 0.026961    ,-0.012720   ,0.999556    ]
[0.041554    ,0.000081    ,0.534264    ]]
Keiser's Torques :
J1 :0.000000
J2 :0.383329
J3 :0.057637
J4 :0.029979
J5 :-0.000094
Keiser's frame :
-0.251795 0.401176 -0.880455 -0.061948 
-0.003245 0.909632 0.415402 -0.000795 
0.967540 0.107828 -0.228561 0.644907 
0.000000 0.000000 0.000000 1.000000 
Luhbot's model torques 
J1: 0.000000
J2: -1.293493
J3: 1.853125
J4: -0.534148
J5: 0.000000

Experiment no. : 38

Robocup-at-work torques :
J1 :-0.000000
J2 :0.279514
J3 :-0.008938
J4 :0.069292
J5 :0.000152
Robocup frame :
[[0.477526    ,-0.878112   ,-0.029811   ;
 0.878500    ,0.477742    ,-0.000138   ;
 0.014363    ,-0.026123   ,0.999556    ]
[0.041554    ,0.000081    ,0.534264    ]]
Keiser's Torques :
J1 :0.000000
J2 :0.380208
J3 :0.060757
J4 :0.026859
J5 :-0.000193
Keiser's frame :
-0.251795 0.841572 -0.477389 -0.061948 
-0.003245 0.492662 0.870214 -0.000795 
0.967540 0.221451 -0.121764 0.644907 
0.000000 0.000000 0.000000 1.000000 
Luhbot's model torques 
J1: 0.000000
J2: -1.215260
J3: 1.931358
J4: -0.455914
J5: 0.000000

Experiment no. : 39

Robocup-at-work torques :
J1 :0.000000
J2 :0.280684
J3 :-0.007768
J4 :0.070462
J5 :-0.000051
Robocup frame :
[[-0.167355   ,-0.985446   ,-0.029811   ;
 0.985885    ,-0.167426   ,-0.000138   ;
 -0.004855   ,-0.029413   ,0.999556    ]
[0.041554    ,0.000081    ,0.534264    ]]
Keiser's Torques :
J1 :0.000000
J2 :0.375449
J3 :0.065517
J4 :0.022099
J5 :-0.000217
Keiser's frame :
-0.251795 0.956637 0.144878 -0.061948 
-0.003245 -0.150575 0.988593 -0.000795 
0.967540 0.249346 0.041154 0.644907 
0.000000 0.000000 0.000000 1.000000 
Luhbot's model torques 
J1: 0.000000
J2: -1.115028
J3: 2.031590
J4: -0.355682
J5: 0.000000

Experiment no. : 40

Robocup-at-work torques :
J1 :0.000000
J2 :0.268241
J3 :-0.020211
J4 :0.058018
J5 :0.000311
Robocup frame :
[[0.982730    ,0.182628    ,-0.029811   ;
 -0.182714   ,0.983166    ,-0.000138   ;
 0.029284    ,0.005582    ,0.999556    ]
[0.041554    ,0.000081    ,0.534264    ]]
Keiser's Torques :
J1 :0.000000
J2 :0.383904
J3 :0.057062
J4 :0.030555
J5 :0.000041
Keiser's frame :
-0.251795 -0.193796 -0.947938 -0.061948 
-0.003245 0.979900 -0.199465 -0.000795 
0.967540 -0.047329 -0.248248 0.644907 
0.000000 0.000000 0.000000 1.000000 
Luhbot's model torques 
J1: 0.000000
J2: -1.325553
J3: 1.821065
J4: -0.566207
J5: -0.001645

Experiment no. : 41

Robocup-at-work torques :
J1 :0.000000
J2 :0.273321
J3 :-0.015131
J4 :0.063098
J5 :0.000302
Robocup frame :
[[0.954646    ,-0.296247   ,-0.029811   ;
 0.296374    ,0.955072    ,-0.000138   ;
 0.028512    ,-0.008704   ,0.999556    ]
[0.041554    ,0.000081    ,0.534264    ]]
Keiser's Torques :
J1 :0.000000
J2 :0.383713
J3 :0.057253
J4 :0.030364
J5 :-0.000064
Keiser's frame :
-0.251795 0.270156 -0.929064 -0.061948 
-0.003245 0.959986 0.280030 -0.000795 
0.967540 0.073778 -0.241711 0.644907 
0.000000 0.000000 0.000000 1.000000 
Luhbot's model torques 
J1: 0.000000
J2: -1.305762
J3: 1.840856
J4: -0.546417
J5: 0.000000

Experiment no. : 42

Robocup-at-work torques :
J1 :0.000000
J2 :0.259746
J3 :-0.028706
J4 :0.049495
J5 :0.000038
Robocup frame :
[[0.125080    ,0.991698    ,-0.029821   ;
 -0.992140   ,0.125132    ,-0.000138   ;
 0.003595    ,0.029604    ,0.999555    ]
[0.041551    ,0.000081    ,0.534264    ]]
Keiser's Torques :
J1 :0.000000
J2 :0.377587
J3 :0.063378
J4 :0.024206
J5 :0.000218
Keiser's frame :
-0.251785 -0.961958 -0.103855 -0.061944 
-0.003245 0.108180 -0.994126 -0.000795 
0.967542 -0.250868 -0.030457 0.644908 
0.000000 0.000000 0.000000 1.000000 
Luhbot's model torques 
J1: 0.000000
J2: -1.223196
J3: 1.923421
J4: -0.463856
J5: 0.000000

Experiment no. : 43

Robocup-at-work torques :
J1 :0.000000
J2 :0.279204
J3 :-0.009248
J4 :0.068982
J5 :0.000168
Robocup frame :
[[0.527370    ,-0.849113   ,-0.029811   ;
 0.849488    ,0.527608    ,-0.000138   ;
 0.015845    ,-0.025252   ,0.999556    ]
[0.041554    ,0.000081    ,0.534264    ]]
Keiser's Torques :
J1 :0.000000
J2 :0.380576
J3 :0.060390
J4 :0.027226
J5 :-0.000186
Keiser's frame :
-0.251795 0.812641 -0.525126 -0.061948 
-0.003245 0.542026 0.840355 -0.000795 
0.967540 0.214061 -0.134332 0.644907 
0.000000 0.000000 0.000000 1.000000 
Luhbot's model torques 
J1: 0.000000
J2: -1.223680
J3: 1.922938
J4: -0.464335
J5: 0.000000

Experiment no. : 44

Robocup-at-work torques :
J1 :0.000000
J2 :0.272228
J3 :-0.016224
J4 :0.062005
J5 :0.000310
Robocup frame :
[[0.980682    ,-0.193326   ,-0.029811   ;
 0.193408    ,0.981118    ,-0.000138   ;
 0.029275    ,-0.005631   ,0.999556    ]
[0.041554    ,0.000081    ,0.534264    ]]
Keiser's Torques :
J1 :0.000000
J2 :0.383902
J3 :0.057064
J4 :0.030552
J5 :-0.000042
Keiser's frame :
-0.251795 0.170095 -0.952476 -0.061948 
-0.003245 0.984271 0.176634 -0.000795 
0.967540 0.047726 -0.248172 0.644907 
0.000000 0.000000 0.000000 1.000000 
Luhbot's model torques 
J1: 0.000000
J2: -1.313016
J3: 1.833602
J4: -0.553670
J5: 0.000000

Experiment no. : 45

Robocup-at-work torques :
J1 :0.000000
J2 :0.259728
J3 :-0.028724
J4 :0.049505
J5 :-0.000044
Robocup frame :
[[-0.133575   ,0.990590    ,-0.029811   ;
 -0.991030   ,-0.133638   ,-0.000138   ;
 -0.004120   ,0.029525    ,0.999556    ]
[0.041554    ,0.000081    ,0.534264    ]]
Keiser's Torques :
J1 :0.000000
J2 :0.375630
J3 :0.065336
J4 :0.022281
J5 :0.000218
Keiser's frame :
-0.251795 -0.956396 0.146458 -0.061948 
-0.003245 -0.150532 -0.988600 -0.000795 
0.967540 -0.250293 0.034936 0.644907 
0.000000 0.000000 0.000000 1.000000 
Luhbot's model torques 
J1: 0.000000
J2: -1.184376
J3: 1.962241
J4: -0.425031
J5: 0.000000

Experiment no. : 46

Robocup-at-work torques :
J1 :0.000000
J2 :0.280815
J3 :-0.007637
J4 :0.070592
J5 :0.000014
Robocup frame :
[[0.041098    ,-0.998710   ,-0.029811   ;
 0.999154    ,0.041121    ,-0.000138   ;
 0.001363    ,-0.029780   ,0.999556    ]
[0.041554    ,0.000081    ,0.534264    ]]
Keiser's Torques :
J1 :0.000000
J2 :0.376989
J3 :0.063977
J4 :0.023640
J5 :-0.000220
Keiser's frame :
-0.251795 0.965859 -0.057097 -0.061948 
-0.003245 0.058166 0.998302 -0.000795 
0.967540 0.252455 -0.011565 0.644907 
0.000000 0.000000 0.000000 1.000000 
Luhbot's model torques 
J1: 0.000000
J2: -1.145867
J3: 2.000751
J4: -0.386521
J5: 0.000000

Experiment no. : 47

Robocup-at-work torques :
J1 :0.000000
J2 :0.280735
J3 :-0.007717
J4 :0.070512
J5 :0.000041
Robocup frame :
[[0.126095    ,-0.991570   ,-0.029811   ;
 0.992011    ,0.126155    ,-0.000138   ;
 0.003897    ,-0.029556   ,0.999556    ]
[0.041554    ,0.000081    ,0.534264    ]]
Keiser's Torques :
J1 :0.000000
J2 :0.377616
J3 :0.063349
J4 :0.024267
J5 :-0.000218
Keiser's frame :
-0.251795 0.957474 -0.139235 -0.061948 
-0.003245 0.143066 0.989708 -0.000795 
0.967540 0.250550 -0.033046 0.644907 
0.000000 0.000000 0.000000 1.000000 
Luhbot's model torques 
J1: 0.000000
J2: -1.158850
J3: 1.987768
J4: -0.399504
J5: 0.000000

Experiment no. : 48

Robocup-at-work torques :
J1 :0.000000
J2 :0.264100
J3 :-0.024352
J4 :0.053877
J5 :0.000258
Robocup frame :
[[0.818394    ,0.573883    ,-0.029811   ;
 -0.574142   ,0.818756    ,-0.000138   ;
 0.024329    ,0.017228    ,0.999556    ]
[0.041554    ,0.000081    ,0.534264    ]]
Keiser's Torques :
J1 :0.000000
J2 :0.382677
J3 :0.058289
J4 :0.029327
J5 :0.000127
Keiser's frame :
-0.251795 -0.569610 -0.782105 -0.061948 
-0.003245 0.808834 -0.588029 -0.000795 
0.967540 -0.146056 -0.206239 0.644907 
0.000000 0.000000 0.000000 1.000000 
Luhbot's model torques 
J1: 0.000000
J2: -1.313628
J3: 1.832990
J4: -0.554283
J5: 0.000000

Experiment no. : 49

Robocup-at-work torques :
J1 :0.000000
J2 :0.262211
J3 :-0.026241
J4 :0.051989
J5 :0.000207
Robocup frame :
[[0.657674    ,0.752713    ,-0.029811   ;
 -0.753050   ,0.657963    ,-0.000138   ;
 0.019511    ,0.022540    ,0.999556    ]
[0.041554    ,0.000081    ,0.534264    ]]
Keiser's Torques :
J1 :0.000000
J2 :0.381483
J3 :0.059483
J4 :0.028134
J5 :0.000166
Keiser's frame :
-0.251795 -0.739897 -0.623454 -0.061948 
-0.003245 0.645012 -0.764166 -0.000795 
0.967540 -0.191081 -0.165394 0.644907 
0.000000 0.000000 0.000000 1.000000 
Luhbot's model torques 
J1: 0.000000
J2: -1.295335
J3: 1.851282
J4: -0.535990
J5: 0.000000
