
Experiment no. : 0

Robocup-at-work torques :
J1 :-0.000000
J2 :-7.346038
J3 :-3.465576
J4 :-0.946013
J5 :-0.003290
Robocup frame :
[[0.778890    ,0.604231    ,-0.168035   ;
 -0.545028   ,0.519582    ,-0.658012   ;
 -0.310283   ,0.604102    ,0.734020    ]
[-0.064655   ,-0.347167   ,0.373605    ]]
Keiser's Torques :
J1 :0.000000
J2 :-7.790804
J3 :3.844070
J4 :-0.991530
J5 :0.004463
Keiser's frame :
0.190913 -0.665199 -0.742545 -0.078677 
0.285859 0.698569 -0.655962 0.287089 
0.955064 -0.263651 0.135427 0.562868 
0.000000 0.000000 0.000000 1.000000 
Luhbot's model torques 
J1: 0.000000
J2: -3.662813
J3: -0.569302
J4: -1.179840
J5: 0.000000

Experiment no. : 1

Robocup-at-work torques :
J1 :-0.000000
J2 :0.375044
J3 :-2.729985
J4 :-1.296656
J5 :0.007334
Robocup frame :
[[-0.611932   ,0.158832    ,-0.774798   ;
 -0.383766   ,0.796950    ,0.466470    ;
 0.691566    ,0.582789    ,-0.426725   ]
[-0.078225   ,0.061545    ,0.296008    ]]
Keiser's Torques :
J1 :0.000000
J2 :0.422871
J3 :2.915790
J4 :-1.293619
J5 :0.004305
Keiser's frame :
-0.335062 -0.896414 -0.240199 0.245074 
0.233213 0.340934 -0.910701 0.153440 
0.898257 0.283207 0.336049 0.412841 
0.000000 0.000000 0.000000 1.000000 
Luhbot's model torques 
J1: 0.000000
J2: -0.724671
J3: 0.861290
J4: -0.978350
J5: 0.000000

Experiment no. : 2

Robocup-at-work torques :
J1 :-0.000000
J2 :1.551173
J3 :2.805997
J4 :1.109092
J5 :-0.003598
Robocup frame :
[[0.581425    ,-0.670126   ,0.461384    ;
 -0.739491   ,-0.198805   ,0.643140    ;
 -0.339260   ,-0.715128   ,-0.611143   ]
[0.090691    ,0.092964    ,0.293085    ]]
Keiser's Torques :
J1 :0.000000
J2 :1.909840
J3 :-3.077865
J4 :1.155630
J5 :-0.005283
Keiser's frame :
-0.456614 -0.132619 -0.950835 -0.051412 
-0.376076 0.896115 -0.235681 0.069086 
0.883313 0.423545 0.200918 0.552150 
0.000000 0.000000 0.000000 1.000000 
Luhbot's model torques 
J1: 0.000000
J2: -0.019641
J3: 3.491149
J4: 1.213226
J5: 0.000000

Experiment no. : 3

Robocup-at-work torques :
J1 :0.000000
J2 :-1.303283
J3 :2.542360
J4 :0.422102
J5 :-0.000405
Robocup frame :
[[-0.934750   ,-0.348694   ,0.068225    ;
 0.353247    ,-0.891402   ,0.283936    ;
 -0.038191   ,0.289510    ,0.956413    ]
[0.021759    ,-0.009328   ,0.429531    ]]
Keiser's Torques :
J1 :0.000000
J2 :-1.106400
J3 :-2.802900
J4 :0.401422
J5 :0.002138
Keiser's frame :
0.018664 -0.121685 0.992543 -0.057718 
0.027686 0.992164 0.121839 0.222993 
-0.999591 0.028353 -0.003741 -0.082683 
0.000000 0.000000 0.000000 1.000000 
Luhbot's model torques 
J1: 0.000000
J2: -1.337544
J3: 1.858090
J4: -0.080748
J5: 0.000000

Experiment no. : 4

Robocup-at-work torques :
J1 :-0.000000
J2 :7.132412
J3 :3.435778
J4 :1.128535
J5 :0.008192
Robocup frame :
[[0.188771    ,-0.880982   ,-0.433861   ;
 0.606296    ,0.452102    ,-0.654225   ;
 0.772510    ,-0.139549   ,0.619480    ]
[-0.140927   ,-0.248695   ,0.215592    ]]
Keiser's Torques :
J1 :0.000000
J2 :7.674384
J3 :-3.736567
J4 :1.124562
J5 :-0.001031
Keiser's frame :
0.636506 0.793148 0.242481 0.107062 
-0.811318 0.583319 -0.038740 -0.155477 
-0.172171 -0.175086 0.969382 0.331087 
0.000000 0.000000 0.000000 1.000000 
Luhbot's model torques 
J1: 0.000000
J2: -1.477080
J3: -0.522146
J4: 0.500808
J5: 0.000000

Experiment no. : 5

Robocup-at-work torques :
J1 :-0.000000
J2 :-2.694901
J3 :2.147199
J4 :0.386574
J5 :0.002216
Robocup frame :
[[-0.257211   ,0.945496    ,0.199697    ;
 -0.943492   ,-0.290391   ,0.159673    ;
 0.208961    ,-0.147343   ,0.966760    ]
[-0.026221   ,-0.040156   ,0.383763    ]]
Keiser's Torques :
J1 :0.000000
J2 :-2.653996
J3 :-2.349944
J4 :0.355574
J5 :-0.001088
Keiser's frame :
-0.135482 -0.119850 -0.889915 -0.030324 
-0.339468 -0.939709 -0.041324 0.023390 
-0.831309 0.320284 -0.454250 -0.129118 
0.000000 0.000000 0.000000 1.000000 
Luhbot's model torques 
J1: 0.000000
J2: -0.201461
J3: 1.942260
J4: -0.225756
J5: 0.000000

Experiment no. : 6

Robocup-at-work torques :
J1 :0.000000
J2 :-7.504181
J3 :-2.764714
J4 :0.057791
J5 :0.000005
Robocup frame :
[[-0.065418   ,-0.997643   ,-0.020716   ;
 0.997858    ,-0.065394   ,-0.001874   ;
 0.000515    ,-0.020794   ,0.999784    ]
[0.332190    ,0.027880    ,0.307776    ]]
Keiser's Torques :
J1 :0.000000
J2 :-8.071642
J3 :3.185437
J4 :0.010483
J5 :-0.000153
Keiser's frame :
-0.148598 0.885719 0.050760 0.193003 
0.033634 -0.039709 0.998645 -0.014068 
0.886535 0.462520 -0.011467 0.461625 
0.000000 0.000000 0.000000 1.000000 
Luhbot's model torques 
J1: 0.000000
J2: -2.985608
J3: -0.702513
J4: -0.394736
J5: 0.000000

Experiment no. : 7

Robocup-at-work torques :
J1 :0.000000
J2 :5.926593
J3 :2.323812
J4 :1.302568
J5 :0.000538
Robocup frame :
[[0.919099    ,-0.122190   ,-0.374602   ;
 0.390752    ,0.404968    ,0.826628    ;
 0.050696    ,-0.906130   ,0.419951    ]
[-0.079134   ,0.227585    ,0.145236    ]]
Keiser's Torques :
J1 :0.000000
J2 :6.299525
J3 :-2.456388
J4 :1.300901
J5 :-0.006693
Keiser's frame :
0.267572 -0.414226 -0.896156 0.049537 
0.368100 -0.817375 0.443172 0.114593 
-0.916069 -0.400395 0.022412 0.113012 
0.000000 0.000000 0.000000 1.000000 
Luhbot's model torques 
J1: 0.000000
J2: -2.225276
J3: -1.175023
J4: 0.899394
J5: 0.000000

Experiment no. : 8

Robocup-at-work torques :
J1 :-0.000000
J2 :-3.016894
J3 :-2.124214
J4 :0.435261
J5 :0.003307
Robocup frame :
[[0.562710    ,-0.790287   ,0.242496    ;
 -0.765593   ,-0.608866   ,-0.207726   ;
 0.311810    ,-0.068764   ,-0.947653   ]
[-0.081526   ,0.090395    ,0.086260    ]]
Keiser's Torques :
J1 :0.000000
J2 :-3.215401
J3 :2.426208
J4 :0.472386
J5 :-0.000508
Keiser's frame :
-0.251526 0.492392 0.849298 0.099108 
0.168931 -0.868647 0.465742 0.087943 
0.967067 0.054806 -0.248550 0.492675 
0.000000 0.000000 0.000000 1.000000 
Luhbot's model torques 
J1: 0.000000
J2: -3.886996
J3: -0.516612
J4: 0.933375
J5: 0.000000

Experiment no. : 9

Robocup-at-work torques :
J1 :-0.000000
J2 :-2.227286
J3 :0.337393
J4 :-1.077172
J5 :-0.001396
Robocup frame :
[[0.690018    ,0.400923    ,0.602607    ;
 -0.711726   ,0.527231    ,0.464191    ;
 -0.131608   ,-0.749191   ,0.649147    ]
[0.134656    ,0.085238    ,0.452720    ]]
Keiser's Torques :
J1 :0.000000
J2 :-2.052224
J3 :-0.493488
J4 :-1.109108
J5 :-0.005534
Keiser's frame :
0.172900 0.878024 -0.451233 0.231024 
-0.118536 -0.436741 -0.891743 -0.171617 
-0.980044 0.195783 0.034387 0.070565 
0.000000 0.000000 0.000000 1.000000 
Luhbot's model torques 
J1: 0.000000
J2: -2.472810
J3: 1.068744
J4: -1.241714
J5: 0.000000

Experiment no. : 10

Robocup-at-work torques :
J1 :-0.000000
J2 :3.649503
J3 :3.930788
J4 :1.256234
J5 :-0.002327
Robocup frame :
[[0.961801    ,0.107725    ,0.251665    ;
 0.163695    ,0.510531    ,-0.844134   ;
 -0.219417   ,0.853085    ,0.473395    ]
[0.082644    ,-0.196703   ,0.374539    ]]
Keiser's Torques :
J1 :0.000000
J2 :4.137693
J3 :-4.289104
J4 :1.260298
J5 :0.006301
Keiser's frame :
0.991767 -0.207466 -0.941147 -0.103162 
-0.955641 0.183317 0.230532 -0.369466 
0.124701 0.960913 -0.247178 0.366594 
0.000000 0.000000 0.000000 1.000000 
Luhbot's model torques 
J1: 0.000000
J2: -1.181258
J3: 2.137199
J4: 0.825260
J5: 0.000000

Experiment no. : 11

Robocup-at-work torques :
J1 :-0.000000
J2 :-5.573329
J3 :-3.255799
J4 :-1.359934
J5 :-0.009956
Robocup frame :
[[-0.342865   ,0.456581    ,-0.820961   ;
 0.032825    ,-0.867578   ,-0.496216   ;
 -0.938811   ,-0.197083   ,0.282475    ]
[-0.246484   ,-0.163489   ,0.192252    ]]
Keiser's Torques :
J1 :0.000000
J2 :-5.819360
J3 :3.534606
J4 :-1.387138
J5 :-0.001456
Keiser's frame :
-0.449796 -0.645248 -0.628870 0.123050 
-0.251966 -0.756987 0.602896 -0.071473 
-0.865063 -0.103080 -0.490958 0.108281 
0.000000 0.000000 0.000000 1.000000 
Luhbot's model torques 
J1: 0.000000
J2: -6.920815
J3: -3.445959
J4: -1.273782
J5: -0.001826

Experiment no. : 12

Robocup-at-work torques :
J1 :-0.000000
J2 :-7.141541
J3 :-4.209180
J4 :-1.375669
J5 :0.007663
Robocup frame :
[[-0.639263   ,-0.762475   ,0.099874    ;
 -0.262952   ,0.094694    ,-0.960151   ;
 0.722633    ,-0.640051   ,-0.261029   ]
[0.063529    ,-0.380021   ,0.215838    ]]
Keiser's Torques :
J1 :0.000000
J2 :-7.529192
J3 :4.594200
J4 :-1.385761
J5 :-0.004728
Keiser's frame :
-0.014022 0.688761 0.724987 0.006445 
-0.016986 -0.724900 0.688644 0.074596 
0.999855 -0.011304 0.012763 0.620756 
0.000000 0.000000 0.000000 1.000000 
Luhbot's model torques 
J1: 0.000000
J2: -4.940135
J3: -1.533188
J4: -1.086907
J5: 0.000000

Experiment no. : 13

Robocup-at-work torques :
J1 :-0.000000
J2 :2.287553
J3 :3.385773
J4 :0.554801
J5 :0.003903
Robocup frame :
[[-0.525037   ,0.803698    ,0.280010    ;
 -0.767385   ,-0.589326   ,0.252616    ;
 0.368044    ,-0.082242   ,0.926164    ]
[0.114952    ,0.082054    ,0.378844    ]]
Keiser's Torques :
J1 :0.000000
J2 :2.733809
J3 :-3.737914
J4 :0.532368
J5 :-0.000607
Keiser's frame :
-0.118735 -0.477765 -0.873733 -0.119404 
-0.079504 -0.878091 0.471842 0.103999 
-0.992646 0.026395 -0.118137 0.024137 
0.000000 0.000000 0.000000 1.000000 
Luhbot's model torques 
J1: 0.000000
J2: -3.259787
J3: 0.228988
J4: -0.093958
J5: 0.000791

Experiment no. : 14

Robocup-at-work torques :
J1 :0.000000
J2 :1.349766
J3 :3.856122
J4 :1.127634
J5 :0.002480
Robocup frame :
[[0.964781    ,-0.104455   ,0.241428    ;
 0.120492    ,-0.640365   ,-0.758561   ;
 0.233837    ,0.760935    ,-0.605226   ]
[0.061772    ,-0.118679   ,0.133777    ]]
Keiser's Torques :
J1 :0.000000
J2 :1.764015
J3 :-4.248097
J4 :1.158804
J5 :0.005621
Keiser's frame :
0.540030 0.065621 -0.982096 -0.080404 
-0.590294 -0.805491 0.052316 -0.268779 
-0.787637 0.588963 0.180973 -0.018014 
0.000000 0.000000 0.000000 1.000000 
Luhbot's model torques 
J1: 0.000000
J2: -2.410610
J3: 1.136188
J4: 1.265682
J5: 0.000000

Experiment no. : 15

Robocup-at-work torques :
J1 :0.000000
J2 :5.257630
J3 :1.089399
J4 :-0.695307
J5 :0.000208
Robocup frame :
[[0.968543    ,0.225243    ,0.105781    ;
 -0.248073   ,0.840488    ,0.481704    ;
 0.019593    ,-0.492793   ,0.869926    ]
[-0.002194   ,-0.119282   ,0.414385    ]]
Keiser's Torques :
J1 :0.000000
J2 :5.703436
J3 :-1.292890
J4 :-0.728741
J5 :-0.003641
Keiser's frame :
-0.089105 -0.266561 -0.962998 -0.062322 
0.167050 0.948423 -0.269423 0.261890 
0.985147 -0.171579 0.006826 0.469398 
0.000000 0.000000 0.000000 1.000000 
Luhbot's model torques 
J1: 0.000000
J2: 0.519934
J3: 1.139557
J4: -1.016052
J5: 0.000000

Experiment no. : 16

Robocup-at-work torques :
J1 :0.000000
J2 :-5.709817
J3 :-1.680496
J4 :0.031100
J5 :0.000048
Robocup frame :
[[0.997134    ,-0.075581   ,-0.003338   ;
 0.075517    ,0.997011    ,-0.016317   ;
 0.004562    ,0.016018    ,0.999861    ]
[0.070836    ,0.228924    ,0.446432    ]]
Keiser's Torques :
J1 :0.000000
J2 :-6.038101
J3 :1.930983
J4 :0.006342
J5 :0.000118
Keiser's frame :
0.305666 0.086743 -0.990156 0.085263 
-0.492916 0.869811 0.021517 -0.382603 
0.863115 0.485700 0.138302 0.478887 
0.000000 0.000000 0.000000 1.000000 
Luhbot's model torques 
J1: 0.000000
J2: -1.957722
J3: 1.135407
J4: -0.501920
J5: 0.000000

Experiment no. : 17

Robocup-at-work torques :
J1 :0.000000
J2 :-5.264370
J3 :-0.362377
J4 :-1.252619
J5 :-0.000482
Robocup frame :
[[0.202455    ,-0.468113   ,-0.860164   ;
 0.978236    ,0.055897    ,0.199826    ;
 -0.045460   ,-0.881899   ,0.469242    ]
[-0.226244   ,0.058134    ,0.333845    ]]
Keiser's Torques :
J1 :0.000000
J2 :-5.349069
J3 :0.273801
J4 :-1.282767
J5 :-0.006515
Keiser's frame :
-0.176031 -0.190493 -0.253394 0.021310 
0.237855 -0.100821 0.966054 0.005344 
-0.209574 -0.976498 -0.050311 -0.005461 
0.000000 0.000000 0.000000 1.000000 
Luhbot's model torques 
J1: 0.000000
J2: -0.818921
J3: 1.133835
J4: -1.290081
J5: 0.000000

Experiment no. : 18

Robocup-at-work torques :
J1 :-0.000000
J2 :-5.080821
J3 :-3.144684
J4 :-1.329000
J5 :0.007961
Robocup frame :
[[0.211276    ,0.721905    ,-0.658950   ;
 0.625938    ,0.417863    ,0.658477    ;
 0.750709    ,-0.551583   ,-0.363584   ]
[-0.186693   ,0.210542    ,0.110236    ]]
Keiser's Torques :
J1 :0.000000
J2 :-5.274048
J3 :3.391011
J4 :-1.334312
J5 :-0.004074
Keiser's frame :
-0.751250 -0.822533 -0.094978 0.153037 
0.580243 0.308524 0.753745 0.158363 
-0.590677 -0.477758 0.650268 0.145450 
0.000000 0.000000 0.000000 1.000000 
Luhbot's model torques 
J1: 0.000000
J2: -6.707737
J3: -3.228585
J4: -1.010697
J5: 0.000000

Experiment no. : 19

Robocup-at-work torques :
J1 :0.000000
J2 :1.719682
J3 :-2.262969
J4 :0.502582
J5 :0.003499
Robocup frame :
[[-0.272531   ,0.945486    ,0.178277    ;
 -0.903803   ,-0.315114   ,0.289558    ;
 0.329951    ,-0.082213   ,0.940411    ]
[0.028389    ,0.007128    ,0.355405    ]]
Keiser's Torques :
J1 :0.000000
J2 :1.572574
J3 :2.652645
J4 :0.478666
J5 :-0.000607
Keiser's frame :
0.556264 -0.849356 -0.074859 -0.072340 
0.816345 -0.472960 -0.331497 0.113026 
0.246153 -0.234313 0.940482 0.155873 
0.000000 0.000000 0.000000 1.000000 
Luhbot's model torques 
J1: 0.000000
J2: -0.782998
J3: -0.144715
J4: -0.145133
J5: -0.002057

Experiment no. : 20

Robocup-at-work torques :
J1 :-0.000000
J2 :-1.980311
J3 :-1.212382
J4 :-0.512820
J5 :0.001974
Robocup frame :
[[0.816775    ,0.576078    ,0.031819    ;
 -0.546110   ,0.754140    ,0.364742    ;
 0.186124    ,-0.315289   ,0.930565    ]
[0.035453    ,0.131288    ,0.521275    ]]
Keiser's Torques :
J1 :0.000000
J2 :-1.999998
J3 :1.341119
J4 :-0.549917
J5 :-0.002329
Keiser's frame :
0.131572 -0.594620 -0.803888 0.008622 
-0.131934 0.795850 -0.590945 -0.082225 
0.991162 0.114236 -0.067441 0.652001 
0.000000 0.000000 0.000000 1.000000 
Luhbot's model torques 
J1: 0.000000
J2: -2.050602
J3: 1.380328
J4: -0.833027
J5: 0.000000

Experiment no. : 21

Robocup-at-work torques :
J1 :-0.000000
J2 :-4.526342
J3 :-0.355766
J4 :-1.346587
J5 :0.008588
Robocup frame :
[[-0.540618   ,-0.422971   ,0.727205    ;
 -0.227690   ,-0.758587   ,-0.610493   ;
 0.809870    ,-0.495621   ,0.313800    ]
[0.205185    ,-0.152106   ,0.371631    ]]
Keiser's Torques :
J1 :0.000000
J2 :-4.514718
J3 :0.254816
J4 :-1.377660
J5 :-0.003661
Keiser's frame :
-0.391622 0.843275 -0.120778 0.083256 
-0.455503 -0.397023 -0.796800 0.072409 
-0.719873 -0.362299 0.592050 -0.012215 
0.000000 0.000000 0.000000 1.000000 
Luhbot's model torques 
J1: 0.000000
J2: -1.886870
J3: 1.112281
J4: -1.298027
J5: 0.000000

Experiment no. : 22

Robocup-at-work torques :
J1 :0.000000
J2 :7.183556
J3 :3.535404
J4 :1.365954
J5 :0.003556
Robocup frame :
[[0.939846    ,0.339217    ,-0.040262   ;
 -0.064977   ,0.293238    ,0.953829    ;
 0.335361    ,-0.893836   ,0.297640    ]
[0.010851    ,0.311517    ,0.166674    ]]
Keiser's Torques :
J1 :0.000000
J2 :7.716735
J3 :-3.827808
J4 :1.371891
J5 :-0.006603
Keiser's frame :
0.657174 -0.351079 -0.936019 0.005100 
0.999681 0.013560 0.021319 0.206197 
0.005207 -0.936248 0.351302 0.364338 
0.000000 0.000000 0.000000 1.000000 
Luhbot's model torques 
J1: 0.000000
J2: -1.215770
J3: -0.211128
J4: 0.984296
J5: 0.000000

Experiment no. : 23

Robocup-at-work torques :
J1 :-0.000000
J2 :2.746519
J3 :3.023644
J4 :1.167794
J5 :-0.007756
Robocup frame :
[[-0.535044   ,-0.233900   ,-0.811799   ;
 0.422859    ,-0.906023   ,-0.017651   ;
 -0.731381   ,-0.352721   ,0.583670    ]
[-0.133603   ,-0.003427   ,0.242092    ]]
Keiser's Torques :
J1 :0.000000
J2 :3.109423
J3 :-3.256503
J4 :1.155793
J5 :-0.002606
Keiser's frame :
-0.734098 -0.298698 -0.609468 -0.040321 
0.003143 -0.899443 0.437027 0.000173 
-0.678720 0.319032 0.661481 0.047209 
0.000000 0.000000 0.000000 1.000000 
Luhbot's model torques 
J1: 0.000000
J2: -3.933153
J3: -0.699980
J4: 0.815165
J5: 0.000000

Experiment no. : 24

Robocup-at-work torques :
J1 :-0.000000
J2 :-0.738323
J3 :0.423363
J4 :-0.023852
J5 :0.000161
Robocup frame :
[[0.067141    ,-0.997565   ,-0.018888   ;
 0.997628    ,0.067409    ,-0.013918   ;
 0.015157    ,-0.017909   ,0.999725    ]
[-0.012124   ,-0.026619   ,0.529945    ]]
Keiser's Torques :
J1 :0.000000
J2 :-0.621479
J3 :-0.449038
J4 :-0.058312
J5 :-0.000133
Keiser's frame :
0.673114 0.825667 0.059797 -0.235427 
0.398454 0.205991 0.893757 0.167219 
0.725628 0.525207 -0.444547 0.570182 
0.000000 0.000000 0.000000 1.000000 
Luhbot's model torques 
J1: 0.000000
J2: -1.463808
J3: 2.034315
J4: -0.409026
J5: 0.000000

Experiment no. : 25

Robocup-at-work torques :
J1 :0.000000
J2 :-1.575610
J3 :1.938831
J4 :1.385166
J5 :0.008534
Robocup frame :
[[-0.422941   ,-0.785365   ,0.452022    ;
 -0.416623   ,-0.274450   ,-0.866662   ;
 0.804703    ,-0.554869   ,-0.211125   ]
[0.030137    ,-0.011766   ,0.330352    ]]
Keiser's Torques :
J1 :0.000000
J2 :-1.513866
J3 :-2.040598
J4 :1.412718
J5 :-0.004099
Keiser's frame :
0.094040 0.484957 0.872614 -0.134796 
-0.116061 -0.871431 0.476589 -0.269832 
0.991548 -0.073644 0.106809 0.456073 
0.000000 0.000000 0.000000 1.000000 
Luhbot's model torques 
J1: 0.000000
J2: 0.314459
J3: 3.781152
J4: 1.257916
J5: 0.000000

Experiment no. : 26

Robocup-at-work torques :
J1 :-0.000000
J2 :7.018115
J3 :3.932328
J4 :1.195127
J5 :0.008545
Robocup frame :
[[-0.297259   ,0.952968    ,0.059059    ;
 -0.512156   ,-0.211348   ,0.832483    ;
 0.805812    ,0.217216    ,0.550894    ]
[0.045697    ,0.305845    ,0.268301    ]]
Keiser's Torques :
J1 :0.000000
J2 :7.615088
J3 :-4.295996
J4 :1.196827
J5 :0.001605
Keiser's frame :
0.734789 -0.955321 0.283200 -0.017612 
0.955988 -0.157973 -0.247248 0.198976 
0.280939 0.249814 0.926642 0.449379 
0.000000 0.000000 0.000000 1.000000 
Luhbot's model torques 
J1: 0.000000
J2: -1.110874
J3: 0.490984
J4: 0.592455
J5: -0.004228

Experiment no. : 27

Robocup-at-work torques :
J1 :0.000000
J2 :-6.832051
J3 :-3.240940
J4 :-1.416118
J5 :0.000939
Robocup frame :
[[-0.902792   ,-0.121212   ,0.412643    ;
 -0.420873   ,0.051548    ,-0.905654   ;
 0.088505    ,-0.991287   ,-0.097552   ]
[0.172706    ,-0.326375   ,0.317633    ]]
Keiser's Torques :
J1 :0.000000
J2 :-7.135477
J3 :3.499054
J4 :-1.433488
J5 :-0.007323
Keiser's frame :
0.684751 0.185373 0.904189 0.181576 
0.885212 0.203298 -0.418413 0.417694 
-0.261382 0.961409 -0.085863 0.287695 
0.000000 0.000000 0.000000 1.000000 
Luhbot's model torques 
J1: 0.000000
J2: -2.903571
J3: 0.405280
J4: -1.137279
J5: 0.000000

Experiment no. : 28

Robocup-at-work torques :
J1 :0.000000
J2 :-1.752733
J3 :3.188367
J4 :1.421813
J5 :0.009784
Robocup frame :
[[-0.178637   ,0.506303    ,-0.843650   ;
 -0.341749   ,0.772130    ,0.535744    ;
 0.922657    ,0.384021    ,0.035097    ]
[0.001075    ,0.014558    ,0.241042    ]]
Keiser's Torques :
J1 :0.000000
J2 :-1.682999
J3 :-3.442095
J4 :1.441013
J5 :0.002837
Keiser's frame :
0.047198 -0.215740 0.914840 0.182323 
0.225229 0.963721 0.143227 0.120298 
-0.912550 0.157158 0.377562 -0.155903 
0.000000 0.000000 0.000000 1.000000 
Luhbot's model torques 
J1: 0.000000
J2: 1.480120
J3: 3.362296
J4: 1.118517
J5: 0.000000

Experiment no. : 29

Robocup-at-work torques :
J1 :0.000000
J2 :-1.541897
J3 :-3.659923
J4 :-1.410512
J5 :-0.008632
Robocup frame :
[[0.373766    ,0.315191    ,-0.872327   ;
 -0.444741   ,-0.764421   ,-0.466760   ;
 -0.813944   ,0.562419    ,-0.145536   ]
[-0.151432   ,-0.093869   ,0.318582    ]]
Keiser's Torques :
J1 :0.000000
J2 :-1.641514
J3 :3.971507
J4 :-1.425014
J5 :0.004154
Keiser's frame :
-0.774747 -0.626300 0.103704 0.316735 
-0.396234 -0.603412 -0.692021 -0.162429 
0.495989 0.493601 -0.714390 0.356040 
0.000000 0.000000 0.000000 1.000000 
Luhbot's model torques 
J1: 0.000000
J2: -2.251410
J3: -0.004576
J4: -1.060838
J5: 0.000000

Experiment no. : 30

Robocup-at-work torques :
J1 :-0.000000
J2 :-3.906716
J3 :-3.664663
J4 :-1.355575
J5 :-0.002070
Robocup frame :
[[0.919164    ,0.058392    ,-0.389522   ;
 -0.342089   ,-0.371820   ,-0.862974   ;
 -0.195223   ,0.926466    ,-0.321789   ]
[-0.087076   ,-0.246085   ,0.151695    ]]
Keiser's Torques :
J1 :0.000000
J2 :-4.085563
J3 :3.975002
J4 :-1.359786
J5 :0.006844
Keiser's frame :
-0.646615 0.132413 -0.951897 0.093090 
-0.584759 -0.762858 -0.275870 -0.196993 
-0.762691 0.632862 -0.133373 0.062352 
0.000000 0.000000 0.000000 1.000000 
Luhbot's model torques 
J1: 0.000000
J2: -6.049786
J3: -2.825966
J4: -0.978169
J5: 0.000000

Experiment no. : 31

Robocup-at-work torques :
J1 :0.000000
J2 :0.464499
J3 :-2.943916
J4 :-1.272578
J5 :0.005084
Robocup frame :
[[-0.869669   ,-0.478133   ,0.122734    ;
 0.117774    ,-0.442429   ,-0.889037   ;
 0.479379    ,-0.758713   ,0.441079    ]
[0.040243    ,-0.117655   ,0.392866    ]]
Keiser's Torques :
J1 :0.000000
J2 :0.449948
J3 :3.196630
J4 :-1.304899
J5 :-0.005605
Keiser's frame :
-0.700031 0.544932 0.830109 -0.047946 
-0.982425 0.057460 -0.177594 -0.398549 
-0.144474 -0.836509 0.528564 0.145932 
0.000000 0.000000 0.000000 1.000000 
Luhbot's model torques 
J1: 0.000000
J2: -0.936313
J3: 0.384407
J4: -1.284748
J5: 0.000000

Experiment no. : 32

Robocup-at-work torques :
J1 :0.000000
J2 :-1.165245
J3 :1.706047
J4 :-0.178189
J5 :-0.000974
Robocup frame :
[[-0.079104   ,-0.991553   ,0.102785    ;
 0.992630    ,-0.068852   ,0.099721    ;
 -0.091802   ,0.109916    ,0.989692    ]
[0.057104    ,0.032117    ,0.473617    ]]
Keiser's Torques :
J1 :0.000000
J2 :-0.957314
J3 :-1.912927
J4 :-0.221376
J5 :0.000812
Keiser's frame :
0.295721 -0.085151 0.961927 0.236628 
-0.243304 0.958202 0.150508 -0.221687 
-0.934536 -0.273128 0.228129 0.027747 
0.000000 0.000000 0.000000 1.000000 
Luhbot's model torques 
J1: 0.000000
J2: -2.089043
J3: 1.412663
J4: -0.687638
J5: 0.000000

Experiment no. : 33

Robocup-at-work torques :
J1 :-0.000000
J2 :-6.677194
J3 :-2.146418
J4 :-1.340543
J5 :0.000140
Robocup frame :
[[-0.333098   ,-0.293562   ,0.896029    ;
 0.942799    ,-0.117047   ,0.312137    ;
 0.013246    ,0.948747    ,0.315758    ]
[0.339324    ,0.109845    ,0.095485    ]]
Keiser's Torques :
J1 :0.000000
J2 :-6.941658
J3 :2.288261
J4 :-1.374817
J5 :0.007008
Keiser's frame :
-0.347085 -0.569770 0.304521 -0.075179 
0.251045 0.172727 0.952440 0.024726 
-0.595271 0.803447 0.011196 0.195433 
0.000000 0.000000 0.000000 1.000000 
Luhbot's model torques 
J1: 0.000000
J2: -6.390447
J3: -3.805020
J4: -1.293629
J5: 0.000000

Experiment no. : 34

Robocup-at-work torques :
J1 :0.000000
J2 :-3.792100
J3 :-2.275451
J4 :-0.313476
J5 :-0.002212
Robocup frame :
[[0.181712    ,-0.971982   ,0.149103    ;
 0.960980    ,0.207684    ,0.182715    ;
 -0.208562   ,0.110084    ,0.971794    ]
[0.149446    ,0.153725    ,0.488125    ]]
Keiser's Torques :
J1 :0.000000
J2 :-4.016295
J3 :2.573865
J4 :-0.352954
J5 :0.000813
Keiser's frame :
-0.635097 0.901350 -0.071821 -0.060891 
0.505109 0.303712 0.807852 0.072014 
0.749970 0.308752 -0.584993 0.591899 
0.000000 0.000000 0.000000 1.000000 
Luhbot's model torques 
J1: 0.000000
J2: -2.953618
J3: 0.585910
J4: -0.830284
J5: 0.000000

Experiment no. : 35

Robocup-at-work torques :
J1 :0.000000
J2 :-1.143640
J3 :1.800910
J4 :-0.634381
J5 :0.002792
Robocup frame :
[[-0.526430   ,0.720317    ,0.451681    ;
 -0.808435   ,-0.588574   ,-0.003596   ;
 0.263258    ,-0.367047   ,0.892172    ]
[0.086528    ,-0.000498   ,0.428232    ]]
Keiser's Torques :
J1 :0.000000
J2 :-0.862793
J3 :-2.085128
J4 :-0.672926
J5 :-0.002712
Keiser's frame :
-0.470047 0.680708 -0.456973 0.101752 
-0.014557 -0.565725 -0.824466 0.002587 
-0.819741 -0.465395 0.333814 0.010954 
0.000000 0.000000 0.000000 1.000000 
Luhbot's model torques 
J1: 0.000000
J2: -2.777554
J3: 0.711356
J4: -0.914705
J5: 0.000000

Experiment no. : 36

Robocup-at-work torques :
J1 :0.000000
J2 :1.369729
J3 :4.142220
J4 :1.312895
J5 :0.007867
Robocup frame :
[[0.220901    ,0.353508    ,-0.908975   ;
 -0.633105   ,0.760917    ,0.142068    ;
 0.741876    ,0.544094    ,0.391895    ]
[-0.113343   ,0.021466    ,0.303983    ]]
Keiser's Torques :
J1 :0.000000
J2 :1.759828
J3 :-4.525392
J4 :1.321592
J5 :0.004019
Keiser's frame :
0.143103 0.435803 0.884414 0.215251 
0.029096 0.894441 -0.446238 0.037504 
-0.985528 0.100252 0.136687 -0.054860 
0.000000 0.000000 0.000000 1.000000 
Luhbot's model torques 
J1: 0.000000
J2: -2.011151
J3: 1.505743
J4: 0.804779
J5: 0.000000

Experiment no. : 37

Robocup-at-work torques :
J1 :0.000000
J2 :-4.575881
J3 :0.374504
J4 :0.882433
J5 :0.002436
Robocup frame :
[[0.140720    ,-0.790313   ,-0.596325   ;
 0.963035    ,0.249007    ,-0.102756   ;
 0.229699    ,-0.559822   ,0.796140    ]
[0.153338    ,0.022287    ,0.364206    ]]
Keiser's Torques :
J1 :0.000000
J2 :-4.853087
J3 :-0.285136
J4 :0.859331
J5 :-0.004135
Keiser's frame :
0.084410 -0.280671 0.280098 0.432517 
-0.141733 0.427451 0.892859 -0.066776 
-0.370328 -0.859366 0.352630 -0.045708 
0.000000 0.000000 0.000000 1.000000 
Luhbot's model torques 
J1: 0.000000
J2: 0.848293
J3: 2.653037
J4: 0.294501
J5: 0.000000

Experiment no. : 38

Robocup-at-work torques :
J1 :-0.000000
J2 :5.382286
J3 :3.134112
J4 :1.108900
J5 :-0.005483
Robocup frame :
[[-0.102232   ,0.783521    ,0.612897    ;
 -0.849837   ,0.251444    ,-0.463198   ;
 -0.517035   ,-0.568216   ,0.640160    ]
[0.214360    ,-0.143865   ,0.427338    ]]
Keiser's Torques :
J1 :0.000000
J2 :5.849667
J3 :-3.386168
J4 :1.092279
J5 :-0.004197
Keiser's frame :
-0.242875 -0.974607 -0.052908 0.100799 
0.170486 0.091322 -0.981119 0.078981 
0.961038 0.204452 0.186026 0.625212 
0.000000 0.000000 0.000000 1.000000 
Luhbot's model torques 
J1: 0.000000
J2: 0.468112
J3: 2.805086
J4: 0.716720
J5: 0.000000

Experiment no. : 39

Robocup-at-work torques :
J1 :-0.000000
J2 :7.849599
J3 :4.013546
J4 :1.255228
J5 :0.005915
Robocup frame :
[[-0.565428   ,0.724520    ,0.394161    ;
 0.607590    ,0.042702    ,0.793102    ;
 0.557786    ,0.687930    ,-0.464356   ]
[0.173107    ,0.300021    ,0.116443    ]]
Keiser's Torques :
J1 :0.000000
J2 :8.485661
J3 :-4.407518
J4 :1.284409
J5 :0.005082
Keiser's frame :
-0.161067 -0.213789 0.969343 0.068732 
-0.233376 -0.955292 -0.181532 -0.132444 
0.964815 -0.204236 -0.165589 0.587459 
0.000000 0.000000 0.000000 1.000000 
Luhbot's model torques 
J1: 0.000000
J2: 0.252502
J3: 1.271808
J4: 1.299701
J5: 0.000000

Experiment no. : 40

Robocup-at-work torques :
J1 :0.000000
J2 :-1.399605
J3 :3.420071
J4 :1.047135
J5 :-0.005225
Robocup frame :
[[0.577079    ,0.789452    ,-0.209154   ;
 -0.651316   ,0.290369    ,-0.701051   ;
 -0.492714   ,0.540787    ,0.681749    ]
[0.016304    ,-0.025796   ,0.316825    ]]
Keiser's Torques :
J1 :0.000000
J2 :-1.252022
J3 :-3.725860
J4 :1.038380
J5 :0.003994
Keiser's frame :
-0.155073 -0.461280 -0.869137 -0.001767 
0.561919 -0.772858 0.294851 0.005566 
-0.807729 -0.435787 0.397069 -0.109118 
0.000000 0.000000 0.000000 1.000000 
Luhbot's model torques 
J1: 0.000000
J2: 0.056896
J3: 2.386357
J4: 0.607251
J5: 0.000000
