
Experiment no. : 0

Robocup-at-work torques :
J1 :0.000000
J2 :-2.263259
J3 :-2.551711
J4 :-0.503851
J5 :-0.002899
Robocup frame :
[[0.708540    ,0.606181    ,0.361271    ;
 -0.650577   ,0.759438    ,0.001669    ;
 -0.273351   ,-0.236217   ,0.932460    ]
[0.186308    ,0.000750    ,0.484784    ]]
Keiser's Torques :
J1 :0.000000
J2 :-2.411473
J3 :2.852439
J4 :-0.534249
J5 :-0.001745
Keiser's frame :
-0.984230 -0.111345 -0.109205 -0.307521 
-0.012684 0.755245 -0.655320 -0.003949 
0.155443 -0.645916 -0.747415 0.410967 
0.000000 0.000000 0.000000 1.000000 
Luhbot's model torques 
J1: 0.000000
J2: -2.787423
J3: 0.359195
J4: -0.970430
J5: 0.000000

Experiment no. : 1

Robocup-at-work torques :
J1 :0.000000
J2 :-3.125900
J3 :-3.414352
J4 :-0.725265
J5 :0.004584
Robocup frame :
[[0.745954    ,-0.437053   ,0.502531    ;
 -0.506683   ,-0.862129   ,0.002322    ;
 0.432232    ,-0.256356   ,-0.864556   ]
[0.238831    ,0.000992    ,0.115233    ]]
Keiser's Torques :
J1 :0.000000
J2 :-3.306587
J3 :3.747553
J4 :-0.702306
J5 :-0.001893
Keiser's frame :
-0.970599 -0.104150 0.200784 -0.311460 
-0.012508 -0.861523 -0.507565 -0.003999 
0.225843 -0.496922 0.837892 0.286877 
0.000000 0.000000 0.000000 1.000000 
Luhbot's model torques 
J1: 0.000000
J2: -4.619084
J3: -1.556652
J4: -0.278135
J5: 0.000000

Experiment no. : 2

Robocup-at-work torques :
J1 :0.000000
J2 :3.385248
J3 :3.096796
J4 :0.262075
J5 :0.001290
Robocup frame :
[[-0.592812   ,0.779536    ,-0.202232   ;
 0.796099    ,0.605166    ,-0.000934   ;
 0.121656    ,-0.161551   ,-0.979337   ]
[-0.115541   ,-0.000645   ,0.145245    ]]
Keiser's Torques :
J1 :0.000000
J2 :3.957478
J3 :-3.516512
J4 :0.306640
J5 :-0.001194
Keiser's frame :
-0.019674 0.790868 -0.611669 0.147817 
-0.000254 0.611784 0.791025 0.001898 
0.999805 0.015774 -0.011879 0.546052 
0.000000 0.000000 0.000000 1.000000 
Luhbot's model torques 
J1: 0.000000
J2: -1.795022
J3: 1.351596
J4: 0.747225
J5: 0.000000

Experiment no. : 3

Robocup-at-work torques :
J1 :0.000000
J2 :-2.450902
J3 :-2.739354
J4 :-0.619620
J5 :-0.000169
Robocup frame :
[[0.026671    ,-0.890934   ,0.453349    ;
 0.999518    ,0.030987    ,0.002094    ;
 -0.015914   ,0.453074    ,0.891331    ]
[0.201783    ,0.000821    ,0.475914    ]]
Keiser's Torques :
J1 :0.000000
J2 :-2.629865
J3 :3.070831
J4 :-0.671229
J5 :0.003347
Keiser's frame :
-0.979848 0.180622 -0.019197 -0.309304 
-0.012627 0.037451 0.999219 -0.003972 
0.181200 0.982839 -0.034548 0.412346 
0.000000 0.000000 0.000000 1.000000 
Luhbot's model torques 
J1: 0.000000
J2: -2.833790
J3: 0.312828
J4: -0.939266
J5: 0.000000

Experiment no. : 4

Robocup-at-work torques :
J1 :-0.000000
J2 :3.979208
J3 :3.690756
J4 :1.312040
J5 :0.009799
Robocup frame :
[[-0.373112   ,0.027044    ,-0.927392   ;
 0.082882    ,0.996550    ,-0.004284   ;
 0.924077    ,-0.078463   ,-0.374066   ]
[-0.189292   ,-0.000985   ,0.145426    ]]
Keiser's Torques :
J1 :0.000000
J2 :4.476198
J3 :-4.035232
J4 :1.342260
J5 :-0.000579
Keiser's frame :
0.823774 -0.060365 0.559350 0.324058 
0.010616 0.995724 0.091768 0.004161 
-0.562498 -0.069930 0.823836 0.125840 
0.000000 0.000000 0.000000 1.000000 
Luhbot's model torques 
J1: 0.000000
J2: -2.690246
J3: 0.456372
J4: 1.294829
J5: 0.000000

Experiment no. : 5

Robocup-at-work torques :
J1 :0.000000
J2 :-0.497029
J3 :-0.785481
J4 :1.167446
J5 :-0.003116
Robocup frame :
[[-0.217416   ,-0.545370   ,-0.809507   ;
 0.930797    ,-0.365518   ,-0.003740   ;
 -0.293850   ,-0.754300   ,0.587098    ]
[0.030277    ,0.000029    ,0.442045    ]]
Keiser's Torques :
J1 :0.000000
J2 :-0.615232
J3 :1.056198
J4 :1.154465
J5 :-0.005572
Keiser's frame :
-0.485009 -0.809218 -0.328999 -0.194612 
-0.006250 -0.373391 0.927653 -0.002499 
-0.873519 0.453592 0.176690 0.191857 
0.000000 0.000000 0.000000 1.000000 
Luhbot's model torques 
J1: 0.000000
J2: -0.889454
J3: 2.257163
J4: 0.753417
J5: 0.000000

Experiment no. : 6

Robocup-at-work torques :
J1 :-0.000000
J2 :4.533628
J3 :4.245127
J4 :1.413356
J5 :-0.003935
Robocup frame :
[[0.043886    ,-0.096739   ,-0.994342   ;
 -0.927584   ,-0.373587   ,-0.004594   ;
 -0.371029   ,0.922537    ,-0.106129   ]
[-0.220124   ,-0.001128   ,0.260724    ]]
Keiser's Torques :
J1 :0.000000
J2 :5.084165
J3 :-4.643148
J4 :1.436591
J5 :0.006815
Keiser's frame :
0.924407 -0.341303 0.151116 0.353623 
0.011913 -0.377574 -0.925903 0.004541 
0.373071 0.860785 -0.346220 0.412897 
0.000000 0.000000 0.000000 1.000000 
Luhbot's model torques 
J1: 0.000000
J2: -1.227189
J3: 1.919412
J4: 1.252523
J5: 0.000000

Experiment no. : 7

Robocup-at-work torques :
J1 :0.000000
J2 :1.440301
J3 :1.151849
J4 :-0.536775
J5 :-0.004039
Robocup frame :
[[0.897396    ,-0.205745   ,0.390321    ;
 0.222726    ,0.974880    ,0.001803    ;
 -0.380886   ,0.085316    ,0.920677    ]
[0.012223    ,-0.000054   ,0.498332    ]]
Keiser's Torques :
J1 :0.000000
J2 :1.779334
J3 :-1.338368
J4 :-0.574492
J5 :0.000630
Keiser's frame :
0.994265 0.001571 -0.065763 0.298056 
0.012813 0.975926 0.217725 0.003827 
0.064521 -0.218096 0.973792 0.436241 
0.000000 0.000000 0.000000 1.000000 
Luhbot's model torques 
J1: 0.000000
J2: -1.944120
J3: 1.202498
J4: -1.000510
J5: 0.000000

Experiment no. : 8

Robocup-at-work torques :
J1 :0.000000
J2 :-2.602545
J3 :-2.890997
J4 :-1.422366
J5 :-0.007794
Robocup frame :
[[-0.022942   ,0.014866    ,0.999626    ;
 0.677679    ,0.735343    ,0.004618    ;
 -0.735000   ,0.677532    ,-0.026945   ]
[0.243632    ,0.001015    ,0.383432    ]]
Keiser's Torques :
J1 :0.000000
J2 :-2.662633
J3 :3.103599
J4 :-1.441446
J5 :0.005005
Keiser's frame :
0.330811 0.629816 -0.702217 0.003601 
0.004263 0.743432 0.668798 0.000046 
0.943270 -0.225033 0.244133 0.609182 
0.000000 0.000000 0.000000 1.000000 
Luhbot's model torques 
J1: 0.000000
J2: -2.480890
J3: 0.665728
J4: -1.150408
J5: 0.000000

Experiment no. : 9

Robocup-at-work torques :
J1 :0.000000
J2 :-3.202825
J3 :-3.491277
J4 :-1.285548
J5 :-0.007891
Robocup frame :
[[0.334620    ,-0.241869   ,0.910785    ;
 0.578254    ,0.815846    ,0.004208    ;
 -0.744077   ,0.525257    ,0.412860    ]
[0.266302    ,0.001119    ,0.409798    ]]
Keiser's Torques :
J1 :0.000000
J2 :-3.375379
J3 :3.816344
J4 :-1.319332
J5 :0.003880
Keiser's frame :
-0.720076 0.388045 -0.571999 -0.255683 
-0.009279 0.822020 0.569383 -0.003283 
0.691141 0.416779 -0.590440 0.518057 
0.000000 0.000000 0.000000 1.000000 
Luhbot's model torques 
J1: 0.000000
J2: -3.291755
J3: -0.229323
J4: -1.297477
J5: 0.000000

Experiment no. : 10

Robocup-at-work torques :
J1 :-0.000000
J2 :1.598937
J3 :1.310485
J4 :-0.418173
J5 :-0.001121
Robocup frame :
[[0.341441    ,0.891014    ,0.299187    ;
 -0.933940   ,0.357426    ,0.001382    ;
 -0.105706   ,-0.279895   ,0.954193    ]
[-0.001597   ,-0.000118   ,0.501068    ]]
Keiser's Torques :
J1 :0.000000
J2 :1.951296
J3 :-1.510330
J4 :-0.447851
J5 :-0.002068
Keiser's frame :
0.988402 -0.122393 -0.032495 0.298896 
0.012737 0.351739 -0.936011 0.003838 
0.125991 0.928062 0.350466 0.448548 
0.000000 0.000000 0.000000 1.000000 
Luhbot's model torques 
J1: 0.000000
J2: -1.830714
J3: 1.315904
J4: -0.868030
J5: 0.000000

Experiment no. : 11

Robocup-at-work torques :
J1 :-0.000000
J2 :-1.910151
J3 :-2.198603
J4 :-1.280969
J5 :0.005206
Robocup frame :
[[-0.229261   ,0.362601    ,0.903305    ;
 -0.840490   ,-0.541811   ,0.004173    ;
 0.490933    ,-0.758262   ,0.428979    ]
[0.203964    ,0.000831    ,0.454755    ]]
Keiser's Torques :
J1 :0.000000
J2 :-1.910262
J3 :2.351227
J4 :-1.313074
J5 :-0.005601
Keiser's frame :
0.292420 -0.795396 0.530302 0.018967 
0.003768 -0.553760 -0.832668 0.000244 
0.955961 0.246361 -0.159515 0.628482 
0.000000 0.000000 0.000000 1.000000 
Luhbot's model torques 
J1: 0.000000
J2: -2.310222
J3: 0.836396
J4: -1.286698
J5: 0.000000

Experiment no. : 12

Robocup-at-work torques :
J1 :0.000000
J2 :-0.898311
J3 :-1.186763
J4 :-0.085696
J5 :0.000373
Robocup frame :
[[-0.446605   ,-0.891214   ,0.079260    ;
 0.894039    ,-0.447989   ,0.000366    ;
 0.035181    ,0.071025    ,0.996854    ]
[0.104436    ,0.000372    ,0.523604    ]]
Keiser's Torques :
J1 :0.000000
J2 :-0.942153
J3 :1.383119
J4 :-0.137234
J5 :0.000525
Keiser's frame :
-0.773406 0.570583 0.268283 -0.222257 
-0.009967 -0.436553 0.899623 -0.002854 
0.630429 0.695598 0.344532 0.552752 
0.000000 0.000000 0.000000 1.000000 
Luhbot's model torques 
J1: 0.000000
J2: -1.567243
J3: 1.579375
J4: -0.454860
J5: 0.000000

Experiment no. : 13

Robocup-at-work torques :
J1 :-0.000000
J2 :3.543006
J3 :3.254554
J4 :0.730074
J5 :-0.000780
Robocup frame :
[[-0.133299   ,-0.857928   ,-0.496177   ;
 0.988341    ,-0.152236   ,-0.002292   ;
 -0.073570   ,-0.490698   ,0.868218    ]
[-0.142661   ,-0.000770   ,0.319784    ]]
Keiser's Torques :
J1 :0.000000
J2 :3.996687
J3 :-3.555721
J4 :0.697610
J5 :-0.003624
Keiser's frame :
-0.252419 -0.954705 -0.156095 0.093403 
-0.003253 -0.160517 0.987028 0.001199 
-0.967376 0.250547 0.037557 0.050582 
0.000000 0.000000 0.000000 1.000000 
Luhbot's model torques 
J1: 0.000000
J2: -3.539467
J3: -0.477035
J4: 0.208802
J5: 0.000000

Experiment no. : 14

Robocup-at-work torques :
J1 :0.000000
J2 :4.198413
J3 :3.909961
J4 :1.321857
J5 :0.003791
Robocup frame :
[[-0.135413   ,-0.337796   ,-0.931427   ;
 -0.924034   ,0.382285    ,-0.004303   ;
 0.357524    ,0.860088    ,-0.363902   ]
[-0.199841   ,-0.001034   ,0.275397    ]]
Keiser's Torques :
J1 :0.000000
J2 :4.721556
J3 :-4.280590
J4 :1.349601
J5 :0.006354
Keiser's frame :
0.184112 -0.912360 -0.365320 0.172061 
0.002373 0.372133 -0.928176 0.002209 
0.982778 0.170635 0.070925 0.591193 
0.000000 0.000000 0.000000 1.000000 
Luhbot's model torques 
J1: 0.000000
J2: -0.372249
J3: 2.774369
J4: 1.293329
J5: 0.000000

Experiment no. : 15

Robocup-at-work torques :
J1 :-0.000000
J2 :2.625055
J3 :2.336603
J4 :-0.375839
J5 :-0.000025
Robocup frame :
[[0.003321    ,-0.959029   ,0.283288    ;
 0.999992    ,0.003849    ,0.001309    ;
 -0.002346   ,0.283282    ,0.959034    ]
[-0.050489   ,-0.000344   ,0.434007    ]]
Keiser's Torques :
J1 :0.000000
J2 :3.085188
J3 :-2.644223
J4 :-0.427446
J5 :0.002093
Keiser's frame :
0.455791 -0.889230 -0.005454 0.240019 
0.005874 -0.003111 0.999978 0.003082 
-0.889227 -0.457450 0.003800 0.168533 
0.000000 0.000000 0.000000 1.000000 
Luhbot's model torques 
J1: 0.000000
J2: -2.759315
J3: 0.387303
J4: -0.754439
J5: 0.000000

Experiment no. : 16

Robocup-at-work torques :
J1 :0.000000
J2 :3.635581
J3 :3.347129
J4 :0.513242
J5 :-0.002254
Robocup frame :
[[-0.556243   ,0.751436    ,-0.354876   ;
 -0.803378   ,-0.595467   ,-0.001639   ;
 -0.212549   ,0.284188    ,0.934912    ]
[-0.139174   ,-0.000754   ,0.395066    ]]
Keiser's Torques :
J1 :0.000000
J2 :4.139206
J3 :-3.698240
J4 :0.489303
J5 :0.002099
Keiser's frame :
0.566724 0.666258 -0.482300 0.275855 
0.007303 -0.590448 -0.807043 0.003542 
-0.822472 0.455490 -0.340688 0.150044 
0.000000 0.000000 0.000000 1.000000 
Luhbot's model torques 
J1: 0.000000
J2: -2.509615
J3: 0.637003
J4: 0.010140
J5: 0.001852

Experiment no. : 17

Robocup-at-work torques :
J1 :-0.000000
J2 :-3.718964
J3 :-4.007416
J4 :-1.203694
J5 :0.007097
Robocup frame :
[[0.434492    ,0.332338    ,0.837119    ;
 0.602825    ,-0.797864   ,0.003867    ;
 0.669192    ,0.502956    ,-0.547007   ]
[0.287144    ,0.001216    ,0.179812    ]]
Keiser's Torques :
J1 :0.000000
J2 :-3.927349
J3 :4.368315
J4 :-1.193425
J5 :0.003715
Keiser's frame :
-0.990580 0.074777 0.078117 -0.325056 
-0.012765 -0.798480 0.601886 -0.004174 
0.107382 0.597359 0.794753 0.282423 
0.000000 0.000000 0.000000 1.000000 
Luhbot's model torques 
J1: 0.000000
J2: -4.809526
J3: -1.747094
J4: -0.851954
J5: 0.000000

Experiment no. : 18

Robocup-at-work torques :
J1 :0.000000
J2 :2.760328
J3 :2.471876
J4 :1.378082
J5 :0.007968
Robocup frame :
[[0.202938    ,-0.169260   ,-0.964452   ;
 0.627929    ,0.778258    ,-0.004456   ;
 0.751346    ,-0.604703   ,0.264221    ]
[-0.134272   ,-0.000731   ,0.426390    ]]
Keiser's Torques :
J1 :0.000000
J2 :3.067805
J3 :-2.626839
J4 :1.387409
J5 :-0.004467
Keiser's frame :
-0.627974 0.476712 -0.612828 -0.087502 
-0.008093 0.785234 0.619147 -0.001124 
0.776368 0.395163 -0.491019 0.602474 
0.000000 0.000000 0.000000 1.000000 
Luhbot's model torques 
J1: 0.000000
J2: 0.161611
J3: 3.437415
J4: 0.966058
J5: 0.000000

Experiment no. : 19

Robocup-at-work torques :
J1 :-0.000000
J2 :-3.114161
J3 :-3.402613
J4 :-1.311046
J5 :0.007874
Robocup frame :
[[0.321988    ,-0.228853   ,0.918667    ;
 -0.587340   ,-0.809329   ,0.004244    ;
 0.742533    ,-0.540936   ,-0.395009   ]
[0.263506    ,0.001106    ,0.311106    ]]
Keiser's Torques :
J1 :0.000000
J2 :-3.241647
J3 :3.682612
J4 :-1.314915
J5 :-0.003996
Keiser's frame :
0.146349 -0.571987 0.807006 -0.061843 
0.001886 -0.815691 -0.578485 -0.000794 
0.989153 0.086487 -0.118725 0.590173 
0.000000 0.000000 0.000000 1.000000 
Luhbot's model torques 
J1: 0.000000
J2: -2.845874
J3: 0.300743
J4: -0.982325
J5: 0.000000

Experiment no. : 20

Robocup-at-work torques :
J1 :0.000000
J2 :-2.346003
J3 :-2.634455
J4 :0.188056
J5 :0.001041
Robocup frame :
[[0.837958    ,-0.533268   ,-0.115979   ;
 0.536838    ,0.843685    ,-0.000536   ;
 0.098135    ,-0.061813   ,0.993252    ]
[0.161045    ,0.000633    ,0.411372    ]]
Keiser's Torques :
J1 :0.000000
J2 :-2.601042
J3 :3.042008
J4 :0.153920
J5 :-0.000456
Keiser's frame :
0.093194 -0.541423 0.835532 -0.094476 
0.001201 0.839271 0.543712 -0.001213 
-0.995616 -0.049849 0.079146 0.074566 
0.000000 0.000000 0.000000 1.000000 
Luhbot's model torques 
J1: 0.000000
J2: -3.785217
J3: -0.722785
J4: -0.414947
J5: 0.000000

Experiment no. : 21

Robocup-at-work torques :
J1 :-0.000000
J2 :3.632833
J3 :3.344381
J4 :1.302241
J5 :-0.008629
Robocup frame :
[[-0.364040   ,0.189346    ,-0.911934   ;
 -0.453109   ,-0.891445   ,-0.004213   ;
 -0.813736   ,0.411672    ,0.410316    ]
[-0.172875   ,-0.000910   ,0.414587    ]]
Keiser's Torques :
J1 :0.000000
J2 :4.058572
J3 :-3.617606
J4 :1.304554
J5 :0.003041
Keiser's frame :
0.284476 -0.421116 0.860902 0.161864 
0.003666 -0.897803 -0.440382 0.002078 
0.958372 0.128884 -0.254777 0.619388 
0.000000 0.000000 0.000000 1.000000 
Luhbot's model torques 
J1: 0.000000
J2: -0.089434
J3: 3.057183
J4: 0.980807
J5: 0.000000

Experiment no. : 22

Robocup-at-work torques :
J1 :0.000000
J2 :-3.347902
J3 :-3.636354
J4 :-1.288353
J5 :-0.001928
Robocup frame :
[[0.076255    ,-0.398796   ,0.913864    ;
 0.980368    ,0.197133    ,0.004222    ;
 -0.181836   ,0.895600    ,0.405999    ]
[0.273492    ,0.001153    ,0.399768    ]]
Keiser's Torques :
J1 :0.000000
J2 :-3.542743
J3 :3.983709
J4 :-1.325532
J5 :0.006616
Keiser's frame :
-0.821231 0.552306 -0.125253 -0.282933 
-0.010583 0.206107 0.978472 -0.003633 
0.566231 0.807761 -0.164024 0.480662 
0.000000 0.000000 0.000000 1.000000 
Luhbot's model torques 
J1: 0.000000
J2: -3.472107
J3: -0.409675
J4: -1.292292
J5: 0.000000

Experiment no. : 23

Robocup-at-work torques :
J1 :-0.000000
J2 :4.431769
J3 :4.143317
J4 :1.421477
J5 :0.010531
Robocup frame :
[[-0.021947   ,-0.002092   ,-0.999757   ;
 0.115696    ,0.993274    ,-0.004619   ;
 0.993042    ,-0.115769   ,-0.021558   ]
[-0.215749   ,-0.001108   ,0.226721    ]]
Keiser's Torques :
J1 :0.000000
J2 :4.965008
J3 :-4.524043
J4 :1.442285
J5 :-0.000855
Keiser's frame :
0.926498 -0.055331 0.363821 0.356573 
0.011940 0.992647 0.120451 0.004579 
-0.367811 -0.107654 0.923648 0.206159 
0.000000 0.000000 0.000000 1.000000 
Luhbot's model torques 
J1: 0.000000
J2: -2.139323
J3: 1.007295
J4: 1.157410
J5: 0.000000

Experiment no. : 24

Robocup-at-work torques :
J1 :0.000000
J2 :-3.861328
J3 :-4.149780
J4 :-1.422266
J5 :-0.005112
Robocup frame :
[[-0.021302   ,0.029111    ,0.999349    ;
 0.875907    ,0.482458    ,0.004617    ;
 -0.482010   ,0.875435    ,-0.035776   ]
[0.303588    ,0.001292    ,0.229881    ]]
Keiser's Torques :
J1 :0.000000
J2 :-4.088605
J3 :4.529571
J4 :-1.440853
J5 :0.006467
Keiser's frame :
-0.769077 -0.563047 0.295373 -0.270179 
-0.009911 0.475152 0.879848 -0.003469 
-0.635742 0.676173 -0.372320 0.104568 
0.000000 0.000000 0.000000 1.000000 
Luhbot's model torques 
J1: 0.000000
J2: -5.406011
J3: -2.343578
J4: -1.163871
J5: 0.000000

Experiment no. : 25

Robocup-at-work torques :
J1 :0.000000
J2 :-2.633637
J3 :-2.922089
J4 :-0.417244
J5 :-0.002969
Robocup frame :
[[0.862633    ,-0.401161   ,0.308115    ;
 0.421257    ,0.906940    ,0.001423    ;
 -0.280013   ,0.128568    ,0.951348    ]
[0.201124    ,0.000818    ,0.457041    ]]
Keiser's Torques :
J1 :0.000000
J2 :-2.851675
J3 :3.292641
J4 :-0.456776
J5 :0.000950
Keiser's frame :
-0.896160 -0.193998 0.391772 -0.304574 
-0.011549 0.906379 0.422308 -0.003911 
-0.437021 0.375290 -0.817417 0.248451 
0.000000 0.000000 0.000000 1.000000 
Luhbot's model torques 
J1: 0.000000
J2: -3.334333
J3: -0.271900
J4: -0.908598
J5: 0.000000

Experiment no. : 26

Robocup-at-work torques :
J1 :0.000000
J2 :3.515278
J3 :3.226826
J4 :0.464412
J5 :-0.002524
Robocup frame :
[[-0.732240   ,-0.606292   ,-0.310218   ;
 0.638115    ,-0.769940   ,-0.001433   ;
 -0.237980   ,-0.199004   ,0.950664    ]
[-0.129987   ,-0.000711   ,0.361865    ]]
Keiser's Torques :
J1 :0.000000
J2 :3.992046
J3 :-3.551081
J4 :0.423328
J5 :-0.001470
Keiser's frame :
0.030078 -0.631317 -0.774938 0.161101 
0.000388 -0.775283 0.631613 0.002069 
-0.999544 -0.019366 -0.023158 0.076038 
0.000000 0.000000 0.000000 1.000000 
Luhbot's model torques 
J1: 0.000000
J2: -3.134636
J3: -0.072203
J4: 0.024485
J5: -0.004487

Experiment no. : 27

Robocup-at-work torques :
J1 :0.000000
J2 :4.118090
J3 :3.829638
J4 :1.015402
J5 :0.001448
Robocup frame :
[[-0.128072   ,-0.684706   ,-0.717479   ;
 -0.982314   ,0.187213    ,-0.003315   ;
 0.136591    ,0.704365    ,-0.696573   ]
[-0.182108   ,-0.000952   ,0.160821    ]]
Keiser's Torques :
J1 :0.000000
J2 :4.675114
J3 :-4.234148
J4 :1.047616
J5 :0.005203
Keiser's frame :
0.765373 -0.630916 -0.109251 0.322037 
0.009863 0.182262 -0.983201 0.004135 
0.640229 0.754139 0.146222 0.447638 
0.000000 0.000000 0.000000 1.000000 
Luhbot's model torques 
J1: 0.000000
J2: -1.687434
J3: 1.459184
J4: 1.216146
J5: 0.000000

Experiment no. : 28

Robocup-at-work torques :
J1 :0.000000
J2 :-3.796682
J3 :-4.085134
J4 :-1.252391
J5 :-0.009163
Robocup frame :
[[-0.481023   ,0.068591    ,0.874020    ;
 0.148351    ,0.988927    ,0.004038    ;
 -0.864065   ,0.131604    ,-0.485872   ]
[0.293196    ,0.001244    ,0.201879    ]]
Keiser's Torques :
J1 :0.000000
J2 :-4.021320
J3 :4.462286
J4 :-1.254634
J5 :0.000972
Keiser's frame :
-0.966507 0.023868 -0.242025 -0.323538 
-0.012455 0.988991 0.147450 -0.004154 
0.242880 0.146038 -0.959001 0.325567 
0.000000 0.000000 0.000000 1.000000 
Luhbot's model torques 
J1: 0.000000
J2: -4.401845
J3: -1.339412
J4: -0.689060
J5: 0.000000

Experiment no. : 29

Robocup-at-work torques :
J1 :0.000000
J2 :-0.962086
J3 :-1.250538
J4 :0.785970
J5 :-0.004769
Robocup frame :
[[-0.705825   ,-0.459966   ,-0.538741   ;
 0.547304    ,-0.836930   ,-0.002489   ;
 -0.449744   ,-0.296612   ,0.842468    ]
[0.068946    ,0.000208    ,0.471846    ]]
Keiser's Torques :
J1 :0.000000
J2 :-1.109099
J3 :1.550065
J4 :0.755267
J5 :-0.002191
Keiser's frame :
-0.714613 -0.372911 -0.588722 -0.248096 
-0.009209 -0.839639 0.543066 -0.003186 
-0.696829 0.394897 0.598737 0.225817 
0.000000 0.000000 0.000000 1.000000 
Luhbot's model torques 
J1: 0.000000
J2: -1.360645
J3: 1.785973
J4: 0.365758
J5: 0.000000

Experiment no. : 30

Robocup-at-work torques :
J1 :0.000000
J2 :0.782004
J3 :0.493552
J4 :0.285232
J5 :0.001187
Robocup frame :
[[0.598913    ,-0.779722   ,-0.182584   ;
 0.792958    ,0.609276    ,-0.000843   ;
 0.111902    ,-0.144276   ,0.983190    ]
[0.008085    ,-0.000074   ,0.531514    ]]
Keiser's Torques :
J1 :0.000000
J2 :0.926247
J3 :-0.485281
J4 :0.248430
J5 :-0.001065
Keiser's frame :
-0.204822 0.765356 -0.609898 -0.038175 
-0.002639 0.622771 0.782400 -0.000490 
0.978642 0.162437 -0.125995 0.649338 
0.000000 0.000000 0.000000 1.000000 
Luhbot's model torques 
J1: 0.000000
J2: -1.002282
J3: 2.144335
J4: -0.283815
J5: 0.000000

Experiment no. : 31

Robocup-at-work torques :
J1 :-0.000000
J2 :3.827006
J3 :3.538554
J4 :1.422236
J5 :0.009521
Robocup frame :
[[0.016633    ,0.003009    ,-0.999857   ;
 -0.440130   ,0.897922    ,-0.004619   ;
 0.897780    ,0.440144    ,0.016260    ]
[-0.187047   ,-0.000975   ,0.359373    ]]
Keiser's Torques :
J1 :0.000000
J2 :4.279935
J3 :-3.838969
J4 :1.441951
J5 :0.003251
Keiser's frame :
-0.039873 -0.451365 -0.891442 0.095029 
-0.000514 0.892165 -0.451709 0.001220 
0.999199 -0.017618 -0.035933 0.625135 
0.000000 0.000000 0.000000 1.000000 
Luhbot's model torques 
J1: 0.000000
J2: 0.000000
J3: 3.152634
J4: 1.131906
J5: 0.000000

Experiment no. : 32

Robocup-at-work torques :
J1 :0.000000
J2 :-2.399593
J3 :-2.688045
J4 :0.115047
J5 :-0.000463
Robocup frame :
[[0.430470    ,0.897061    ,-0.099888   ;
 0.901550    ,-0.432676   ,-0.000461   ;
 -0.043633   ,-0.089855   ,-0.994999   ]
[0.166199    ,0.000657    ,0.119502    ]]
Keiser's Torques :
J1 :0.000000
J2 :-2.566319
J3 :3.007285
J4 :0.166892
J5 :-0.000664
Keiser's frame :
-0.364092 0.842887 0.394999 -0.187928 
-0.004692 -0.426004 0.904709 -0.002413 
0.930839 0.328727 0.159616 0.461748 
0.000000 0.000000 0.000000 1.000000 
Luhbot's model torques 
J1: 0.000000
J2: -3.400820
J3: -0.338387
J4: 0.481368
J5: 0.000000

Experiment no. : 33

Robocup-at-work torques :
J1 :-0.000000
J2 :4.507239
J3 :4.218737
J4 :1.400736
J5 :0.000588
Robocup frame :
[[0.014649    ,0.177521    ,-0.984008   ;
 -0.998353   ,0.057184    ,-0.004546   ;
 0.055462    ,0.982454    ,0.178066    ]
[-0.218687   ,-0.001121   ,0.275510    ]]
Keiser's Torques :
J1 :0.000000
J2 :5.047692
J3 :-4.606675
J4 :1.415868
J5 :0.007257
Keiser's frame :
0.969612 0.228966 0.025780 0.366638 
0.012495 0.059281 -0.998163 0.004708 
-0.230074 0.971628 0.054825 0.259442 
0.000000 0.000000 0.000000 1.000000 
Luhbot's model torques 
J1: 0.000000
J2: -1.805700
J3: 1.340901
J4: 1.070269
J5: 0.000000

Experiment no. : 34

Robocup-at-work torques :
J1 :0.000000
J2 :2.812546
J3 :2.524144
J4 :-0.151164
J5 :0.000622
Robocup frame :
[[-0.515385   ,0.849572    ,0.112276    ;
 -0.854947   ,-0.518714   ,0.000519    ;
 0.058680    ,-0.095723   ,0.993677    ]
[-0.071022   ,-0.000439   ,0.443559    ]]
Keiser's Torques :
J1 :0.000000
J2 :3.285212
J3 :-2.844298
J4 :-0.185361
J5 :-0.000707
Keiser's frame :
0.667300 0.639746 -0.377139 0.283638 
0.008599 -0.514485 -0.857457 0.003642 
-0.742586 0.570991 -0.350049 0.205509 
0.000000 0.000000 0.000000 1.000000 
Luhbot's model torques 
J1: 0.000000
J2: -2.454391
J3: 0.692244
J4: -0.539223
J5: 0.000000

Experiment no. : 35

Robocup-at-work torques :
J1 :0.000000
J2 :-1.369296
J3 :-1.657748
J4 :-0.884552
J5 :-0.000200
Robocup frame :
[[0.018213    ,-0.770454   ,0.637235    ;
 0.999656    ,0.026066    ,0.002944    ;
 -0.018879   ,0.636962    ,0.770664    ]
[0.161814    ,0.000637    ,0.500788    ]]
Keiser's Torques :
J1 :0.000000
J2 :-1.367767
J3 :1.808732
J4 :-0.934146
J5 :0.004705
Keiser's frame :
-0.031778 0.998589 -0.042468 -0.045552 
-0.000410 0.042477 0.999097 -0.000585 
0.999491 0.031881 -0.000946 0.641258 
0.000000 0.000000 0.000000 1.000000 
Luhbot's model torques 
J1: 0.000000
J2: -2.075065
J3: 1.071553
J4: -1.113120
J5: 0.000000

Experiment no. : 36

Robocup-at-work torques :
J1 :0.000000
J2 :1.202167
J3 :0.913715
J4 :-0.756218
J5 :0.000997
Robocup frame :
[[-0.143583   ,0.831937    ,0.535971    ;
 -0.985160   ,-0.171623   ,0.002476    ;
 0.094045    ,-0.527661   ,0.844233    ]
[0.032200    ,0.000038    ,0.489340    ]]
Keiser's Torques :
J1 :0.000000
J2 :1.541867
J3 :-1.100902
J4 :-0.790798
J5 :-0.003898
Keiser's frame :
0.992849 0.084604 -0.002039 0.296758 
0.012795 -0.174418 -0.984589 0.003811 
-0.083656 0.981030 -0.174875 0.404432 
0.000000 0.000000 0.000000 1.000000 
Luhbot's model torques 
J1: 0.000000
J2: -1.977379
J3: 1.169239
J4: -1.042356
J5: 0.000000

Experiment no. : 37

Robocup-at-work torques :
J1 :0.000000
J2 :-3.000696
J3 :-3.289148
J4 :-1.237671
J5 :-0.007334
Robocup frame :
[[0.373484    ,-0.298347   ,0.878350    ;
 0.618285    ,0.785944    ,0.004058    ;
 -0.691544   ,0.541555    ,0.478001    ]
[0.254663    ,0.001066    ,0.240155    ]]
Keiser's Torques :
J1 :0.000000
J2 :-3.156200
J3 :3.597166
J4 :-1.273544
J5 :0.004000
Keiser's frame :
0.580621 -0.511092 0.631854 0.066390 
0.007482 0.780832 0.624696 0.000852 
-0.812649 -0.359286 0.458819 0.016026 
0.000000 0.000000 0.000000 1.000000 
Luhbot's model torques 
J1: 0.000000
J2: -6.428430
J3: -3.365998
J4: -1.296343
J5: 0.000000

Experiment no. : 38

Robocup-at-work torques :
J1 :0.000000
J2 :-3.776236
J3 :-4.064589
J4 :-1.249792
J5 :-0.009358
Robocup frame :
[[0.464418    ,-0.038486   ,0.884780    ;
 0.074849    ,0.997187    ,0.004087    ;
 -0.882448   ,0.064326    ,0.465992    ]
[0.291843    ,0.001237    ,0.315452    ]]
Keiser's Torques :
J1 :0.000000
J2 :-4.028469
J3 :4.469332
J4 :-1.281929
J5 :0.000475
Keiser's frame :
-0.620685 -0.069652 0.779185 -0.245303 
-0.007999 0.996543 0.082687 -0.003150 
-0.782251 0.045274 -0.621316 0.092198 
0.000000 0.000000 0.000000 1.000000 
Luhbot's model torques 
J1: 0.000000
J2: -5.193714
J3: -2.131248
J4: -1.302788
J5: 0.000000

Experiment no. : 39

Robocup-at-work torques :
J1 :0.000000
J2 :4.218683
J3 :3.930231
J4 :1.350456
J5 :0.009250
Robocup frame :
[[0.301492    ,-0.130265   ,-0.944528   ;
 0.385076    ,0.922875    ,-0.004363   ;
 0.872250    ,-0.362399   ,0.328401    ]
[-0.202533   ,-0.001047   ,0.366248    ]]
Keiser's Torques :
J1 :0.000000
J2 :4.720658
J3 :-4.279692
J4 :1.358127
J5 :-0.002677
Keiser's frame :
0.767067 0.232964 -0.594225 0.299062 
0.009885 0.926544 0.376056 0.003840 
0.638183 -0.295369 0.710970 0.516868 
0.000000 0.000000 0.000000 1.000000 
Luhbot's model torques 
J1: 0.000000
J2: -0.767325
J3: 2.379292
J4: 0.884022
J5: 0.000000

Experiment no. : 40

Robocup-at-work torques :
J1 :0.000000
J2 :-0.650326
J3 :-0.938778
J4 :0.357171
J5 :0.000803
Robocup frame :
[[0.312892    ,-0.920960   ,-0.232233   ;
 0.946763    ,0.321929    ,-0.001073   ;
 0.075751    ,-0.219534   ,0.972659    ]
[0.073269    ,0.000228    ,0.515508    ]]
Keiser's Torques :
J1 :0.000000
J2 :-0.707478
J3 :1.148443
J4 :0.318143
J5 :-0.001621
Keiser's frame :
-0.973046 0.199011 -0.082258 -0.274340 
-0.012539 0.328787 0.944321 -0.003523 
0.214975 0.923197 -0.318578 0.456338 
0.000000 0.000000 0.000000 1.000000 
Luhbot's model torques 
J1: 0.000000
J2: -1.387974
J3: 1.758644
J4: -0.167077
J5: 0.000000

Experiment no. : 41

Robocup-at-work torques :
J1 :0.000000
J2 :-3.963693
J3 :-4.252145
J4 :-1.418454
J5 :-0.010353
Robocup frame :
[[-0.086950   ,0.012920    ,0.996129    ;
 0.198355    ,0.980120    ,0.004602    ;
 -0.976266   ,0.197987    ,-0.087784   ]
[0.308316    ,0.001313    ,0.265148    ]]
Keiser's Torques :
J1 :0.000000
J2 :-4.203369
J3 :4.644335
J4 :-1.435691
J5 :0.001462
Keiser's frame :
-0.996316 -0.013987 0.004370 -0.332021 
-0.012839 0.979956 0.198801 -0.004263 
-0.007063 0.198723 -0.980030 0.282181 
0.000000 0.000000 0.000000 1.000000 
Luhbot's model torques 
J1: 0.000000
J2: -4.598851
J3: -1.536418
J4: -1.086181
J5: 0.000000
