
Experiment no. : 0

Robocup-at-work torques :
J1 :0.000116
J2 :7.085709
J3 :2.908916
J4 :0.067240
J5 :0.000280
Robocup frame :
[[0.806482    ,-0.590416   ,-0.031557   ;
 0.590706    ,0.806887    ,-0.000144   ;
 0.025548    ,-0.018525   ,0.999502    ]
[-0.216401   ,-0.001094   ,0.332139    ]]
Keiser's Torques :
J1 :0.005733
J2 :7.666753
J3 :-3.246045
J4 :0.025705
J5 :0.005500
Keiser's frame :
0.425279 0.326306 -0.472020 0.010929 
0.010574 0.813860 0.580964 0.000141 
0.573730 -0.480787 0.663082 0.469288 
0.000000 0.000000 0.000000 1.000000 
Luhbot's model torques 
J1: 0.000000
J2: -0.421179
J3: 0.070618
J4: -0.512491
J5: 0.000000

Experiment no. : 1

Robocup-at-work torques :
J1 :-0.002742
J2 :7.522244
J3 :3.124163
J4 :0.131307
J5 :0.000960
Robocup frame :
[[0.807246    ,-0.589389   ,-0.031217   ;
 0.589673    ,0.807642    ,-0.000142   ;
 0.025296    ,-0.018293   ,0.999513    ]
[-0.216342   ,-0.001093   ,0.332341    ]]
Keiser's Torques :
J1 :0.085176
J2 :8.272062
J3 :-3.604664
J4 :0.184479
J5 :0.084978
Keiser's frame :
0.424611 0.326843 -0.474016 0.010484 
0.010556 0.814618 0.579902 0.000135 
0.575678 -0.479136 0.662588 0.469632 
0.000000 0.000000 0.000000 1.000000 
Luhbot's model torques 
J1: 0.000000
J2: -0.418585
J3: 0.073424
J4: -0.513052
J5: 0.000000

Experiment no. : 2

Robocup-at-work torques :
J1 :-0.008676
J2 :7.894208
J3 :3.290229
J4 :0.171507
J5 :0.001021
Robocup frame :
[[0.826107    ,-0.563361   ,-0.013061   ;
 0.563409    ,0.826178    ,-0.000059   ;
 0.010824    ,-0.007310   ,0.999915    ]
[-0.213352   ,-0.001080   ,0.337035    ]]
Keiser's Torques :
J1 :0.021334
J2 :8.785010
J3 :-3.881003
J4 :0.302753
J5 :0.022127
Keiser's frame :
0.417759 0.326098 -0.505989 0.004279 
0.010309 0.833027 0.553136 0.000055 
0.601879 -0.446907 0.661827 0.474492 
0.000000 0.000000 0.000000 1.000000 
Luhbot's model torques 
J1: 0.000000
J2: -0.389823
J3: 0.118126
J4: -0.538692
J5: 0.000000

Experiment no. : 3

Robocup-at-work torques :
J1 :-0.009583
J2 :7.596945
J3 :3.109108
J4 :0.060375
J5 :0.000125
Robocup frame :
[[0.865222    ,-0.496895   ,0.066973    ;
 0.497996    ,0.867179    ,0.000305    ;
 -0.058229   ,0.033089    ,0.997755    ]
[-0.199183   ,-0.001015   ,0.352440    ]]
Keiser's Torques :
J1 :-0.046891
J2 :8.458965
J3 :-3.673763
J4 :0.175116
J5 :-0.045669
Keiser's frame :
0.420763 0.303541 -0.560333 -0.003602 
0.009950 0.873436 0.486838 -0.000047 
0.637190 -0.380753 0.670087 0.483143 
0.000000 0.000000 0.000000 1.000000 
Luhbot's model torques 
J1: 0.000000
J2: -0.380280
J3: 0.223277
J4: -0.641302
J5: 0.000000

Experiment no. : 4

Robocup-at-work torques :
J1 :-0.010659
J2 :7.081760
J3 :2.778599
J4 :-0.134495
J5 :-0.000956
Robocup frame :
[[0.872383    ,-0.437099   ,0.218845    ;
 0.447757    ,0.894155    ,0.000996    ;
 -0.196117   ,0.097121    ,0.975759    ]
[-0.168838   ,-0.000877   ,0.378378    ]]
Keiser's Torques :
J1 :0.007779
J2 :7.917522
J3 :-3.314223
J4 :-0.034850
J5 :0.008961
Keiser's frame :
0.436655 0.289033 -0.612777 -0.011168 
0.009496 0.899952 0.435886 -0.000144 
0.677455 -0.326414 0.659173 0.495797 
0.000000 0.000000 0.000000 1.000000 
Luhbot's model torques 
J1: 0.000000
J2: -0.401152
J3: 0.406278
J4: -0.814621
J5: 0.000000

Experiment no. : 5

Robocup-at-work torques :
J1 :-0.009913
J2 :6.015343
J3 :2.136202
J4 :-0.396937
J5 :-0.002758
Robocup frame :
[[0.828109    ,-0.366934   ,0.423786    ;
 0.404285    ,0.914631    ,0.001928    ;
 -0.388316   ,0.169734    ,0.905760    ]
[-0.120635   ,-0.000658   ,0.407481    ]]
Keiser's Torques :
J1 :-0.002100
J2 :6.774438
J3 :-2.613942
J4 :-0.300628
J5 :0.001954
Keiser's frame :
0.454430 0.278471 -0.669364 -0.019174 
0.008893 0.919973 0.391880 -0.000248 
0.724924 -0.275868 0.631175 0.511671 
0.000000 0.000000 0.000000 1.000000 
Luhbot's model torques 
J1: 0.000000
J2: -0.454856
J3: 0.645435
J4: -1.019915
J5: 0.000000

Experiment no. : 6

Robocup-at-work torques :
J1 :-0.000506
J2 :4.074975
J3 :0.993165
J4 :-0.755447
J5 :-0.005287
Robocup frame :
[[0.706532    ,-0.271624   ,0.653478    ;
 0.356444    ,0.934312    ,0.002973    ;
 -0.611360   ,0.230827    ,0.756940    ]
[-0.054142   ,-0.000356   ,0.429723    ]]
Keiser's Torques :
J1 :-0.008183
J2 :4.542021
J3 :-1.235112
J4 :-0.765776
J5 :0.002220
Keiser's frame :
0.460964 0.263229 -0.733784 -0.028537 
0.008086 0.939024 0.343756 -0.000368 
0.779528 -0.221233 0.585997 0.528927 
0.000000 0.000000 0.000000 1.000000 
Luhbot's model torques 
J1: 0.000000
J2: -0.559634
J3: 0.896799
J4: -1.204745
J5: 0.000000

Experiment no. : 7

Robocup-at-work torques :
J1 :0.007708
J2 :2.010508
J3 :-0.357984
J4 :-1.141700
J5 :-0.008144
Robocup frame :
[[0.496283    ,-0.163929   ,0.852543    ;
 0.307617    ,0.951502    ,0.003887    ;
 -0.811834   ,0.260327    ,0.522642    ]
[0.020567    ,-0.000016   ,0.432887    ]]
Keiser's Torques :
J1 :-0.019879
J2 :2.088387
J3 :0.462643
J4 :-1.324013
J5 :-0.001673
Keiser's frame :
0.427745 0.246053 -0.809638 -0.046322 
0.006874 0.955502 0.294906 -0.000598 
0.846172 -0.162711 0.507462 0.543286 
0.000000 0.000000 0.000000 1.000000 
Luhbot's model torques 
J1: 0.000000
J2: -0.702162
J3: 1.087733
J4: -1.297948
J5: 0.000000

Experiment no. : 8

Robocup-at-work torques :
J1 :0.008216
J2 :0.799939
J3 :-1.269138
J4 :-1.342064
J5 :-0.009701
Robocup frame :
[[0.262333    ,-0.074200   ,0.962121    ;
 0.257268    ,0.966330    ,0.004377    ;
 -0.930051   ,0.246375    ,0.272589    ]
[0.083682    ,0.000272    ,0.418563    ]]
Keiser's Torques :
J1 :-0.018355
J2 :0.795308
J3 :1.448674
J4 :-1.502196
J5 :0.000173
Keiser's frame :
0.372772 0.217835 -0.872821 -0.063878 
0.005638 0.969557 0.244799 -0.000825 
0.899576 -0.111832 0.422205 0.551964 
0.000000 0.000000 0.000000 1.000000 
Luhbot's model torques 
J1: 0.000000
J2: -0.896343
J3: 1.167071
J4: -1.272616
J5: 0.000000

Experiment no. : 9

Robocup-at-work torques :
J1 :0.006357
J2 :-0.036760
J3 :-1.886180
J4 :-1.420851
J5 :-0.010411
Robocup frame :
[[0.069058    ,-0.019309   ,0.997426    ;
 0.207951    ,0.978129    ,0.004538    ;
 -0.975698   ,0.207102    ,0.071563    ]
[0.128545    ,0.000476    ,0.398952    ]]
Keiser's Torques :
J1 :-0.015608
J2 :-0.078193
J3 :2.104977
J4 :-1.553058
J5 :-0.008665
Keiser's frame :
0.329780 0.180244 -0.911456 -0.072263 
0.004775 0.980621 0.195859 -0.000933 
0.929095 -0.076782 0.361783 0.557460 
0.000000 0.000000 0.000000 1.000000 
Luhbot's model torques 
J1: 0.000000
J2: -1.124236
J3: 1.161372
J4: -1.187978
J5: 0.000000

Experiment no. : 10

Robocup-at-work torques :
J1 :0.003078
J2 :-0.581365
J3 :-2.241535
J4 :-1.411822
J5 :-0.010407
Robocup frame :
[[-0.084710   ,0.009394    ,0.996361    ;
 0.162731    ,0.986660    ,0.004533    ;
 -0.983027   ,0.162523    ,-0.085109   ]
[0.161077    ,0.000624    ,0.379238    ]]
Keiser's Torques :
J1 :-0.008601
J2 :-0.581797
J3 :2.427566
J4 :-1.475157
J5 :-0.008463
Keiser's frame :
0.306938 0.141025 -0.932294 -0.072180 
0.004300 0.988514 0.151065 -0.000932 
0.942890 -0.054325 0.328645 0.561897 
0.000000 0.000000 0.000000 1.000000 
Luhbot's model torques 
J1: 0.000000
J2: -1.358460
J3: 1.115492
J4: -1.087113
J5: 0.000000

Experiment no. : 11

Robocup-at-work torques :
J1 :0.004638
J2 :-1.324948
J3 :-2.658127
J4 :-1.417804
J5 :-0.010478
Robocup frame :
[[-0.208703   ,0.021564    ,0.977741    ;
 0.123376    ,0.992350    ,0.004448    ;
 -0.970166   ,0.121558    ,-0.209767   ]
[0.185586    ,0.000735    ,0.360719    ]]
Keiser's Torques :
J1 :-0.007683
J2 :-1.445685
J3 :2.947653
J4 :-1.522261
J5 :-0.000163
Keiser's frame :
0.300828 0.105007 -0.942113 -0.066410 
0.004111 0.993683 0.112145 -0.000857 
0.947938 -0.039583 0.315985 0.565879 
0.000000 0.000000 0.000000 1.000000 
Luhbot's model torques 
J1: 0.000000
J2: -1.581381
J3: 1.053990
J4: -0.985245
J5: 0.000000

Experiment no. : 12

Robocup-at-work torques :
J1 :0.003547
J2 :-1.542803
J3 :-2.689141
J4 :-1.329913
J5 :-0.009881
Robocup frame :
[[-0.294247   ,0.022450    ,0.955466    ;
 0.090101    ,0.995923    ,0.004347    ;
 -0.951473   ,0.087367    ,-0.295070   ]
[0.202510    ,0.000812    ,0.346587    ]]
Keiser's Torques :
J1 :0.001637
J2 :-1.541295
J3 :2.858516
J4 :-1.324123
J5 :-0.015195
Keiser's frame :
0.310447 0.073648 -0.943521 -0.056609 
0.004170 0.996847 0.079238 -0.000731 
0.946382 -0.029531 0.321698 0.569524 
0.000000 0.000000 0.000000 1.000000 
Luhbot's model torques 
J1: 0.000000
J2: -1.764247
J3: 0.997336
J4: -0.903861
J5: 0.000000

Experiment no. : 13

Robocup-at-work torques :
J1 :-0.004344
J2 :-1.585618
J3 :-2.715186
J4 :-1.286510
J5 :-0.009500
Robocup frame :
[[-0.373784   ,0.019455    ,0.927312    ;
 0.062413    ,0.998042    ,0.004219    ;
 -0.925414   ,0.059453    ,-0.374266   ]
[0.216467    ,0.000876    ,0.331778    ]]
Keiser's Torques :
J1 :-0.001737
J2 :-1.491256
J3 :2.822836
J4 :-1.228882
J5 :0.002573
Keiser's frame :
0.308827 0.047882 -0.947059 -0.050849 
0.004099 0.998646 0.051864 -0.000656 
0.948260 -0.020347 0.316843 0.571873 
0.000000 0.000000 0.000000 1.000000 
Luhbot's model torques 
J1: 0.000000
J2: -1.928412
J3: 0.934327
J4: -0.819455
J5: 0.000000

Experiment no. : 14

Robocup-at-work torques :
J1 :0.008138
J2 :-2.785839
J3 :-3.329885
J4 :-1.294226
J5 :-0.009690
Robocup frame :
[[-0.464632   ,0.013156    ,0.885406    ;
 0.035974    ,0.999345    ,0.004028    ;
 -0.884773   ,0.033723    ,-0.464801   ]
[0.229430    ,0.000935    ,0.312894    ]]
Keiser's Torques :
J1 :0.005174
J2 :-3.079793
J3 :3.750682
J4 :-1.410054
J5 :-0.025494
Keiser's frame :
0.289787 0.023463 -0.955188 -0.050169 
0.003810 0.999662 0.025732 -0.000648 
0.955469 -0.011231 0.294878 0.572847 
0.000000 0.000000 0.000000 1.000000 
Luhbot's model torques 
J1: 0.000000
J2: -2.101919
J3: 0.852402
J4: -0.711544
J5: 0.000000

Experiment no. : 15

Robocup-at-work torques :
J1 :0.002633
J2 :-2.670967
J3 :-3.227476
J4 :-1.205674
J5 :-0.008963
Robocup frame :
[[-0.533668   ,0.005519    ,0.845676    ;
 0.016438    ,0.999857    ,0.003848    ;
 -0.845535   ,0.015954    ,-0.533682   ]
[0.238042    ,0.000974    ,0.297368    ]]
Keiser's Torques :
J1 :0.005855
J2 :-2.804736
J3 :3.513762
J4 :-1.219882
J5 :-0.012757
Keiser's frame :
0.276563 0.005177 -0.960016 -0.048975 
0.003614 0.999973 0.006446 -0.000632 
0.960023 -0.005273 0.279871 0.573247 
0.000000 0.000000 0.000000 1.000000 
Luhbot's model torques 
J1: 0.000000
J2: -2.238678
J3: 0.783639
J4: -0.620141
J5: 0.000000

Experiment no. : 16

Robocup-at-work torques :
J1 :0.000233
J2 :-2.839981
J3 :-3.349412
J4 :-1.195260
J5 :-0.008845
Robocup frame :
[[-0.580472   ,0.005531    ,0.814262    ;
 0.014725    ,0.999885    ,0.003705    ;
 -0.814147   ,0.014140    ,-0.580486   ]
[0.242566    ,0.000994    ,0.286052    ]]
Keiser's Torques :
J1 :-0.001273
J2 :-3.026651
J3 :3.693001
J4 :-1.241202
J5 :0.000106
Keiser's frame :
0.258382 0.003830 -0.965402 -0.051242 
0.003366 0.999982 0.004877 -0.000662 
0.965404 -0.004521 0.260719 0.572684 
0.000000 0.000000 0.000000 1.000000 
Luhbot's model torques 
J1: 0.000000
J2: -2.327189
J3: 0.732263
J4: -0.553158
J5: 0.000000

Experiment no. : 17

Robocup-at-work torques :
J1 :0.000243
J2 :-2.901819
J3 :-3.359259
J4 :-1.167399
J5 :-0.008474
Robocup frame :
[[-0.603294   ,0.005940    ,0.797497    ;
 0.014641    ,0.999886    ,0.003628    ;
 -0.797385   ,0.013865    ,-0.603312   ]
[0.244800    ,0.001005    ,0.280433    ]]
Keiser's Torques :
J1 :-0.028934
J2 :-3.085872
J3 :3.698555
J4 :-1.207889
J5 :0.046234
Keiser's frame :
0.254295 0.003870 -0.966611 -0.050691 
0.003308 0.999983 0.004881 -0.000654 
0.966613 -0.004448 0.256201 0.572623 
0.000000 0.000000 0.000000 1.000000 
Luhbot's model torques 
J1: 0.000000
J2: -2.373757
J3: 0.707219
J4: -0.518807
J5: 0.000000

Experiment no. : 18

Robocup-at-work torques :
J1 :-0.000104
J2 :-2.807963
J3 :-3.173731
J4 :-1.075255
J5 :-0.008013
Robocup frame :
[[-0.623626   ,-0.004178   ,0.781711    ;
 -0.002241   ,0.999991    ,0.003557    ;
 -0.781719   ,0.000466    ,-0.623630   ]
[0.249481    ,0.001026    ,0.275185    ]]
Keiser's Torques :
J1 :0.018374
J2 :-2.826778
J3 :3.353794
J4 :-0.999415
J5 :-0.027353
Keiser's frame :
0.274957 -0.012362 -0.961016 -0.040673 
0.003566 0.999924 -0.011837 -0.000525 
0.961089 -0.000157 0.276240 0.574795 
0.000000 0.000000 0.000000 1.000000 
Luhbot's model torques 
J1: 0.000000
J2: -2.451409
J3: 0.676785
J4: -0.486677
J5: 0.000000

Experiment no. : 19

Robocup-at-work torques :
J1 :-0.000039
J2 :-3.123833
J3 :-3.374064
J4 :-1.094221
J5 :-0.008132
Robocup frame :
[[-0.650591   ,-0.016571   ,0.759248    ;
 -0.021433   ,0.999764    ,0.003454    ;
 -0.759126   ,-0.014025   ,-0.650793   ]
[0.252408    ,0.001039    ,0.267771    ]]
Keiser's Torques :
J1 :0.010059
J2 :-3.279644
J3 :3.680549
J4 :-1.095842
J5 :-0.017001
Keiser's frame :
0.267971 -0.030724 -0.962706 -0.039987 
0.003470 0.999516 -0.030930 -0.000516 
0.963190 0.004973 0.268776 0.574928 
0.000000 0.000000 0.000000 1.000000 
Luhbot's model torques 
J1: 0.000000
J2: -2.518529
J3: 0.638083
J4: -0.442247
J5: 0.000000

Experiment no. : 20

Robocup-at-work torques :
J1 :0.002616
J2 :-3.488008
J3 :-3.571517
J4 :-1.084253
J5 :-0.008019
Robocup frame :
[[-0.687537   ,-0.023376   ,0.725773    ;
 -0.030498   ,0.999529    ,0.003302    ;
 -0.725509   ,-0.019865   ,-0.687926   ]
[0.255039    ,0.001051    ,0.257296    ]]
Keiser's Torques :
J1 :-0.000617
J2 :-3.793560
J3 :4.005979
J4 :-1.165285
J5 :-0.002029
Keiser's frame :
0.249748 -0.039428 -0.967391 -0.042298 
0.003230 0.999199 -0.039889 -0.000546 
0.968188 0.006855 0.250129 0.574220 
0.000000 0.000000 0.000000 1.000000 
Luhbot's model torques 
J1: 0.000000
J2: -2.601114
J3: 0.584864
J4: -0.378751
J5: 0.000000

Experiment no. : 21

Robocup-at-work torques :
J1 :0.001850
J2 :-3.408065
J3 :-3.452547
J4 :-1.022889
J5 :-0.007539
Robocup frame :
[[-0.705065   ,-0.025377   ,0.708689    ;
 -0.032724   ,0.999459    ,0.003231    ;
 -0.708388   ,-0.020913   ,-0.705514   ]
[0.257104    ,0.001063    ,0.252297    ]]
Keiser's Torques :
J1 :0.000244
J2 :-3.612499
J3 :3.792107
J4 :-1.035542
J5 :-0.000959
Keiser's frame :
0.255582 -0.041444 -0.965833 -0.038284 
0.003300 0.999112 -0.041998 -0.000494 
0.966716 0.007557 0.255741 0.574772 
0.000000 0.000000 0.000000 1.000000 
Luhbot's model torques 
J1: 0.000000
J2: -2.650356
J3: 0.560168
J4: -0.347283
J5: 0.000000

Experiment no. : 22

Robocup-at-work torques :
J1 :0.000343
J2 :-3.347935
J3 :-3.427023
J4 :-1.024042
J5 :-0.007541
Robocup frame :
[[-0.704677   ,-0.025118   ,0.709084    ;
 -0.032373   ,0.999471    ,0.003233    ;
 -0.708790   ,-0.020677   ,-0.705117   ]
[0.257274    ,0.001064    ,0.252335    ]]
Keiser's Torques :
J1 :-0.000540
J2 :-3.526560
J3 :3.748232
J4 :-1.025351
J5 :0.000383
Keiser's frame :
0.256053 -0.041103 -0.965724 -0.038001 
0.003306 0.999127 -0.041647 -0.000490 
0.966593 0.007481 0.256208 0.574895 
0.000000 0.000000 0.000000 1.000000 
Luhbot's model torques 
J1: 0.000000
J2: -2.652543
J3: 0.559052
J4: -0.348013
J5: 0.000000

Experiment no. : 23

Robocup-at-work torques :
J1 :0.000138
J2 :-3.333503
J3 :-3.422803
J4 :-1.026662
J5 :-0.007566
Robocup frame :
[[-0.703043   ,-0.024930   ,0.710711    ;
 -0.032165   ,0.999477    ,0.003241    ;
 -0.710420   ,-0.020582   ,-0.703477   ]
[0.257160    ,0.001063    ,0.252804    ]]
Keiser's Torques :
J1 :0.000427
J2 :-3.508650
J3 :3.741734
J4 :-1.027037
J5 :-0.000957
Keiser's frame :
0.256263 -0.040908 -0.965673 -0.038093 
0.003309 0.999135 -0.041446 -0.000491 
0.966534 0.007436 0.256432 0.574906 
0.000000 0.000000 0.000000 1.000000 
Luhbot's model torques 
J1: 0.000000
J2: -2.648779
J3: 0.561247
J4: -0.350987
J5: 0.000000

Experiment no. : 24

Robocup-at-work torques :
J1 :0.000350
J2 :-3.301225
J3 :-3.401228
J4 :-1.026717
J5 :-0.007567
Robocup frame :
[[-0.697980   ,-0.024413   ,0.715701    ;
 -0.031613   ,0.999495    ,0.003263    ;
 -0.715419   ,-0.020347   ,-0.698399   ]
[0.256859    ,0.001062    ,0.254261    ]]
Keiser's Torques :
J1 :0.001192
J2 :-3.461588
J3 :3.705800
J4 :-1.018220
J5 :-0.001759
Keiser's frame :
0.257910 -0.040383 -0.965247 -0.038034 
0.003331 0.999157 -0.040911 -0.000491 
0.966086 0.007348 0.258116 0.574997 
0.000000 0.000000 0.000000 1.000000 
Luhbot's model torques 
J1: 0.000000
J2: -2.637624
J3: 0.568207
J4: -0.360139
J5: 0.000000

Experiment no. : 25

Robocup-at-work torques :
J1 :0.000121
J2 :-3.274464
J3 :-3.396989
J4 :-1.036207
J5 :-0.007634
Robocup frame :
[[-0.693126   ,-0.023061   ,0.720448    ;
 -0.029841   ,0.999549    ,0.003285    ;
 -0.720199   ,-0.019222   ,-0.693502   ]
[0.256487    ,0.001060    ,0.255652    ]]
Keiser's Torques :
J1 :-0.000129
J2 :-3.436088
J3 :3.704270
J4 :-1.033205
J5 :0.000126
Keiser's frame :
0.258545 -0.038689 -0.965136 -0.038317 
0.003340 0.999227 -0.039160 -0.000494 
0.965905 0.006914 0.258805 0.575017 
0.000000 0.000000 0.000000 1.000000 
Luhbot's model torques 
J1: 0.000000
J2: -2.626216
J3: 0.574813
J4: -0.368921
J5: 0.000000

Experiment no. : 26

Robocup-at-work torques :
J1 :0.001762
J2 :-3.400732
J3 :-3.512990
J4 :-1.084533
J5 :-0.008228
Robocup frame :
[[-0.689362   ,-0.022367   ,0.724072    ;
 -0.028964   ,0.999575    ,0.003302    ;
 -0.723838   ,-0.018696   ,-0.689717   ]
[0.256028    ,0.001058    ,0.256581    ]]
Keiser's Torques :
J1 :0.040086
J2 :-3.693431
J3 :3.939052
J4 :-1.183960
J5 :-0.059147
Keiser's frame :
0.253722 -0.037892 -0.966435 -0.040210 
0.003278 0.999260 -0.038317 -0.000519 
0.967172 0.006568 0.254037 0.574803 
0.000000 0.000000 0.000000 1.000000 
Luhbot's model torques 
J1: 0.000000
J2: -2.617387
J3: 0.577367
J4: -0.375642
J5: 0.000000

Experiment no. : 27

Robocup-at-work torques :
J1 :-0.002710
J2 :-3.026393
J3 :-3.270488
J4 :-1.022578
J5 :-0.007292
Robocup frame :
[[-0.666216   ,-0.007493   ,0.745721    ;
 -0.007441   ,0.999967    ,0.003400    ;
 -0.745722   ,-0.003284   ,-0.666249   ]
[0.256462    ,0.001060    ,0.260728    ]]
Keiser's Torques :
J1 :-0.042383
J2 :-3.017541
J3 :3.429564
J4 :-0.893758
J5 :0.061394
Keiser's frame :
0.223036 -0.017217 -0.974550 -0.049040 
0.002883 0.999851 -0.017003 -0.000633 
0.974698 0.000990 0.223523 0.575164 
0.000000 0.000000 0.000000 1.000000 
Luhbot's model torques 
J1: 0.000000
J2: -2.619394
J3: 0.559234
J4: -0.416825
J5: 0.000000

Experiment no. : 28

Robocup-at-work torques :
J1 :0.000000
J2 :2.175271
J3 :-2.261160
J4 :0.539766
J5 :-0.003794
Robocup frame :
[[0.856979    ,0.367852    ,0.360933    ;
 -0.370887   ,0.926495    ,-0.063642   ;
 -0.357814   ,-0.079325   ,0.930418    ]
[0.047287    ,-0.004106   ,0.321846    ]]
Keiser's Torques :
J1 :0.000000
J2 :2.008169
J3 :2.667849
J4 :0.503580
J5 :-0.000586
Keiser's frame :
0.306659 -0.332526 -0.618237 -0.117994 
-0.138440 0.929926 -0.340694 -0.022936 
0.688204 -0.157049 -0.708315 0.247016 
0.000000 0.000000 0.000000 1.000000 
Luhbot's model torques 
J1: 0.000000
J2: 0.000000
J3: 0.124708
J4: 0.122731
J5: -0.000000

Experiment no. : 29

Robocup-at-work torques :
J1 :0.000000
J2 :2.175271
J3 :-2.261160
J4 :0.539766
J5 :-0.003794
Robocup frame :
[[0.856979    ,0.367852    ,0.360933    ;
 -0.370887   ,0.926495    ,-0.063642   ;
 -0.357814   ,-0.079325   ,0.930418    ]
[0.047287    ,-0.004106   ,0.321846    ]]
Keiser's Torques :
J1 :0.000000
J2 :2.008169
J3 :2.667849
J4 :0.503580
J5 :-0.000586
Keiser's frame :
0.306659 -0.332526 -0.618237 -0.117994 
-0.138440 0.929926 -0.340694 -0.022936 
0.688204 -0.157049 -0.708315 0.247016 
0.000000 0.000000 0.000000 1.000000 
Luhbot's model torques 
J1: 0.000000
J2: 0.000000
J3: 0.124708
J4: 0.122731
J5: -0.000000

Experiment no. : 30

Robocup-at-work torques :
J1 :0.000000
J2 :2.175271
J3 :-2.261160
J4 :0.539766
J5 :-0.003794
Robocup frame :
[[0.856979    ,0.367852    ,0.360933    ;
 -0.370887   ,0.926495    ,-0.063642   ;
 -0.357814   ,-0.079325   ,0.930418    ]
[0.047287    ,-0.004106   ,0.321846    ]]
Keiser's Torques :
J1 :0.000000
J2 :2.008169
J3 :2.667849
J4 :0.503580
J5 :-0.000586
Keiser's frame :
0.306659 -0.332526 -0.618237 -0.117994 
-0.138440 0.929926 -0.340694 -0.022936 
0.688204 -0.157049 -0.708315 0.247016 
0.000000 0.000000 0.000000 1.000000 
Luhbot's model torques 
J1: 0.000000
J2: 0.000000
J3: 0.124708
J4: 0.122731
J5: -0.000000

Experiment no. : 31

Robocup-at-work torques :
J1 :0.000000
J2 :2.175271
J3 :-2.261160
J4 :0.539766
J5 :-0.003794
Robocup frame :
[[0.856979    ,0.367852    ,0.360933    ;
 -0.370887   ,0.926495    ,-0.063642   ;
 -0.357814   ,-0.079325   ,0.930418    ]
[0.047287    ,-0.004106   ,0.321846    ]]
Keiser's Torques :
J1 :0.000000
J2 :2.008169
J3 :2.667849
J4 :0.503580
J5 :-0.000586
Keiser's frame :
0.306659 -0.332526 -0.618237 -0.117994 
-0.138440 0.929926 -0.340694 -0.022936 
0.688204 -0.157049 -0.708315 0.247016 
0.000000 0.000000 0.000000 1.000000 
Luhbot's model torques 
J1: 0.000000
J2: 0.000000
J3: 0.124708
J4: 0.122731
J5: -0.000000

Experiment no. : 32

Robocup-at-work torques :
J1 :0.000000
J2 :2.175271
J3 :-2.261160
J4 :0.539766
J5 :-0.003794
Robocup frame :
[[0.856979    ,0.367852    ,0.360933    ;
 -0.370887   ,0.926495    ,-0.063642   ;
 -0.357814   ,-0.079325   ,0.930418    ]
[0.047287    ,-0.004106   ,0.321846    ]]
Keiser's Torques :
J1 :0.000000
J2 :2.008169
J3 :2.667849
J4 :0.503580
J5 :-0.000586
Keiser's frame :
0.306659 -0.332526 -0.618237 -0.117994 
-0.138440 0.929926 -0.340694 -0.022936 
0.688204 -0.157049 -0.708315 0.247016 
0.000000 0.000000 0.000000 1.000000 
Luhbot's model torques 
J1: 0.000000
J2: 0.000000
J3: 0.124708
J4: 0.122731
J5: -0.000000

Experiment no. : 33

Robocup-at-work torques :
J1 :0.000000
J2 :2.175271
J3 :-2.261160
J4 :0.539766
J5 :-0.003794
Robocup frame :
[[0.856979    ,0.367852    ,0.360933    ;
 -0.370887   ,0.926495    ,-0.063642   ;
 -0.357814   ,-0.079325   ,0.930418    ]
[0.047287    ,-0.004106   ,0.321846    ]]
Keiser's Torques :
J1 :0.000000
J2 :2.008169
J3 :2.667849
J4 :0.503580
J5 :-0.000586
Keiser's frame :
0.306659 -0.332526 -0.618237 -0.117994 
-0.138440 0.929926 -0.340694 -0.022936 
0.688204 -0.157049 -0.708315 0.247016 
0.000000 0.000000 0.000000 1.000000 
Luhbot's model torques 
J1: 0.000000
J2: 0.000000
J3: 0.124708
J4: 0.122731
J5: -0.000000

Experiment no. : 34

Robocup-at-work torques :
J1 :0.000000
J2 :2.175271
J3 :-2.261160
J4 :0.539766
J5 :-0.003794
Robocup frame :
[[0.856979    ,0.367852    ,0.360933    ;
 -0.370887   ,0.926495    ,-0.063642   ;
 -0.357814   ,-0.079325   ,0.930418    ]
[0.047287    ,-0.004106   ,0.321846    ]]
Keiser's Torques :
J1 :0.000000
J2 :2.008169
J3 :2.667849
J4 :0.503580
J5 :-0.000586
Keiser's frame :
0.306659 -0.332526 -0.618237 -0.117994 
-0.138440 0.929926 -0.340694 -0.022936 
0.688204 -0.157049 -0.708315 0.247016 
0.000000 0.000000 0.000000 1.000000 
Luhbot's model torques 
J1: 0.000000
J2: 0.000000
J3: 0.124708
J4: 0.122731
J5: -0.000000

Experiment no. : 35

Robocup-at-work torques :
J1 :0.000000
J2 :2.175271
J3 :-2.261160
J4 :0.539766
J5 :-0.003794
Robocup frame :
[[0.856979    ,0.367852    ,0.360933    ;
 -0.370887   ,0.926495    ,-0.063642   ;
 -0.357814   ,-0.079325   ,0.930418    ]
[0.047287    ,-0.004106   ,0.321846    ]]
Keiser's Torques :
J1 :0.000000
J2 :2.008169
J3 :2.667849
J4 :0.503580
J5 :-0.000586
Keiser's frame :
0.306659 -0.332526 -0.618237 -0.117994 
-0.138440 0.929926 -0.340694 -0.022936 
0.688204 -0.157049 -0.708315 0.247016 
0.000000 0.000000 0.000000 1.000000 
Luhbot's model torques 
J1: 0.000000
J2: 0.000000
J3: 0.124708
J4: 0.122731
J5: -0.000000

Experiment no. : 36

Robocup-at-work torques :
J1 :0.000000
J2 :2.175271
J3 :-2.261160
J4 :0.539766
J5 :-0.003794
Robocup frame :
[[0.856979    ,0.367852    ,0.360933    ;
 -0.370887   ,0.926495    ,-0.063642   ;
 -0.357814   ,-0.079325   ,0.930418    ]
[0.047287    ,-0.004106   ,0.321846    ]]
Keiser's Torques :
J1 :0.000000
J2 :2.008169
J3 :2.667849
J4 :0.503580
J5 :-0.000586
Keiser's frame :
0.306659 -0.332526 -0.618237 -0.117994 
-0.138440 0.929926 -0.340694 -0.022936 
0.688204 -0.157049 -0.708315 0.247016 
0.000000 0.000000 0.000000 1.000000 
Luhbot's model torques 
J1: 0.000000
J2: 0.000000
J3: 0.124708
J4: 0.122731
J5: -0.000000

Experiment no. : 37

Robocup-at-work torques :
J1 :0.000000
J2 :2.175271
J3 :-2.261160
J4 :0.539766
J5 :-0.003794
Robocup frame :
[[0.856979    ,0.367852    ,0.360933    ;
 -0.370887   ,0.926495    ,-0.063642   ;
 -0.357814   ,-0.079325   ,0.930418    ]
[0.047287    ,-0.004106   ,0.321846    ]]
Keiser's Torques :
J1 :0.000000
J2 :2.008169
J3 :2.667849
J4 :0.503580
J5 :-0.000586
Keiser's frame :
0.306659 -0.332526 -0.618237 -0.117994 
-0.138440 0.929926 -0.340694 -0.022936 
0.688204 -0.157049 -0.708315 0.247016 
0.000000 0.000000 0.000000 1.000000 
Luhbot's model torques 
J1: 0.000000
J2: 0.000000
J3: 0.124708
J4: 0.122731
J5: -0.000000

Experiment no. : 38

Robocup-at-work torques :
J1 :0.000000
J2 :2.175271
J3 :-2.261160
J4 :0.539766
J5 :-0.003794
Robocup frame :
[[0.856979    ,0.367852    ,0.360933    ;
 -0.370887   ,0.926495    ,-0.063642   ;
 -0.357814   ,-0.079325   ,0.930418    ]
[0.047287    ,-0.004106   ,0.321846    ]]
Keiser's Torques :
J1 :0.000000
J2 :2.008169
J3 :2.667849
J4 :0.503580
J5 :-0.000586
Keiser's frame :
0.306659 -0.332526 -0.618237 -0.117994 
-0.138440 0.929926 -0.340694 -0.022936 
0.688204 -0.157049 -0.708315 0.247016 
0.000000 0.000000 0.000000 1.000000 
Luhbot's model torques 
J1: 0.000000
J2: 0.000000
J3: 0.124708
J4: 0.122731
J5: -0.000000

Experiment no. : 39

Robocup-at-work torques :
J1 :0.000000
J2 :2.175271
J3 :-2.261160
J4 :0.539766
J5 :-0.003794
Robocup frame :
[[0.856979    ,0.367852    ,0.360933    ;
 -0.370887   ,0.926495    ,-0.063642   ;
 -0.357814   ,-0.079325   ,0.930418    ]
[0.047287    ,-0.004106   ,0.321846    ]]
Keiser's Torques :
J1 :0.000000
J2 :2.008169
J3 :2.667849
J4 :0.503580
J5 :-0.000586
Keiser's frame :
0.306659 -0.332526 -0.618237 -0.117994 
-0.138440 0.929926 -0.340694 -0.022936 
0.688204 -0.157049 -0.708315 0.247016 
0.000000 0.000000 0.000000 1.000000 
Luhbot's model torques 
J1: 0.000000
J2: 0.000000
J3: 0.124708
J4: 0.122731
J5: -0.000000

Experiment no. : 40

Robocup-at-work torques :
J1 :0.000000
J2 :2.175271
J3 :-2.261160
J4 :0.539766
J5 :-0.003794
Robocup frame :
[[0.856979    ,0.367852    ,0.360933    ;
 -0.370887   ,0.926495    ,-0.063642   ;
 -0.357814   ,-0.079325   ,0.930418    ]
[0.047287    ,-0.004106   ,0.321846    ]]
Keiser's Torques :
J1 :0.000000
J2 :2.008169
J3 :2.667849
J4 :0.503580
J5 :-0.000586
Keiser's frame :
0.306659 -0.332526 -0.618237 -0.117994 
-0.138440 0.929926 -0.340694 -0.022936 
0.688204 -0.157049 -0.708315 0.247016 
0.000000 0.000000 0.000000 1.000000 
Luhbot's model torques 
J1: 0.000000
J2: 0.000000
J3: 0.124708
J4: 0.122731
J5: -0.000000

Experiment no. : 41

Robocup-at-work torques :
J1 :0.000000
J2 :2.175271
J3 :-2.261160
J4 :0.539766
J5 :-0.003794
Robocup frame :
[[0.856979    ,0.367852    ,0.360933    ;
 -0.370887   ,0.926495    ,-0.063642   ;
 -0.357814   ,-0.079325   ,0.930418    ]
[0.047287    ,-0.004106   ,0.321846    ]]
Keiser's Torques :
J1 :0.000000
J2 :2.008169
J3 :2.667849
J4 :0.503580
J5 :-0.000586
Keiser's frame :
0.306659 -0.332526 -0.618237 -0.117994 
-0.138440 0.929926 -0.340694 -0.022936 
0.688204 -0.157049 -0.708315 0.247016 
0.000000 0.000000 0.000000 1.000000 
Luhbot's model torques 
J1: 0.000000
J2: 0.000000
J3: 0.124708
J4: 0.122731
J5: -0.000000

Experiment no. : 42

Robocup-at-work torques :
J1 :0.000000
J2 :2.175271
J3 :-2.261160
J4 :0.539766
J5 :-0.003794
Robocup frame :
[[0.856979    ,0.367852    ,0.360933    ;
 -0.370887   ,0.926495    ,-0.063642   ;
 -0.357814   ,-0.079325   ,0.930418    ]
[0.047287    ,-0.004106   ,0.321846    ]]
Keiser's Torques :
J1 :0.000000
J2 :2.008169
J3 :2.667849
J4 :0.503580
J5 :-0.000586
Keiser's frame :
0.306659 -0.332526 -0.618237 -0.117994 
-0.138440 0.929926 -0.340694 -0.022936 
0.688204 -0.157049 -0.708315 0.247016 
0.000000 0.000000 0.000000 1.000000 
Luhbot's model torques 
J1: 0.000000
J2: 0.000000
J3: 0.124708
J4: 0.122731
J5: -0.000000

Experiment no. : 43

Robocup-at-work torques :
J1 :0.000000
J2 :2.175271
J3 :-2.261160
J4 :0.539766
J5 :-0.003794
Robocup frame :
[[0.856979    ,0.367852    ,0.360933    ;
 -0.370887   ,0.926495    ,-0.063642   ;
 -0.357814   ,-0.079325   ,0.930418    ]
[0.047287    ,-0.004106   ,0.321846    ]]
Keiser's Torques :
J1 :0.000000
J2 :2.008169
J3 :2.667849
J4 :0.503580
J5 :-0.000586
Keiser's frame :
0.306659 -0.332526 -0.618237 -0.117994 
-0.138440 0.929926 -0.340694 -0.022936 
0.688204 -0.157049 -0.708315 0.247016 
0.000000 0.000000 0.000000 1.000000 
Luhbot's model torques 
J1: 0.000000
J2: 0.000000
J3: 0.124708
J4: 0.122731
J5: -0.000000

Experiment no. : 44

Robocup-at-work torques :
J1 :0.000000
J2 :2.175271
J3 :-2.261160
J4 :0.539766
J5 :-0.003794
Robocup frame :
[[0.856979    ,0.367852    ,0.360933    ;
 -0.370887   ,0.926495    ,-0.063642   ;
 -0.357814   ,-0.079325   ,0.930418    ]
[0.047287    ,-0.004106   ,0.321846    ]]
Keiser's Torques :
J1 :0.000000
J2 :2.008169
J3 :2.667849
J4 :0.503580
J5 :-0.000586
Keiser's frame :
0.306659 -0.332526 -0.618237 -0.117994 
-0.138440 0.929926 -0.340694 -0.022936 
0.688204 -0.157049 -0.708315 0.247016 
0.000000 0.000000 0.000000 1.000000 
Luhbot's model torques 
J1: 0.000000
J2: 0.000000
J3: 0.124708
J4: 0.122731
J5: -0.000000

Experiment no. : 45

Robocup-at-work torques :
J1 :0.000000
J2 :2.175271
J3 :-2.261160
J4 :0.539766
J5 :-0.003794
Robocup frame :
[[0.856979    ,0.367852    ,0.360933    ;
 -0.370887   ,0.926495    ,-0.063642   ;
 -0.357814   ,-0.079325   ,0.930418    ]
[0.047287    ,-0.004106   ,0.321846    ]]
Keiser's Torques :
J1 :0.000000
J2 :2.008169
J3 :2.667849
J4 :0.503580
J5 :-0.000586
Keiser's frame :
0.306659 -0.332526 -0.618237 -0.117994 
-0.138440 0.929926 -0.340694 -0.022936 
0.688204 -0.157049 -0.708315 0.247016 
0.000000 0.000000 0.000000 1.000000 
Luhbot's model torques 
J1: 0.000000
J2: 0.000000
J3: 0.124708
J4: 0.122731
J5: -0.000000

Experiment no. : 46

Robocup-at-work torques :
J1 :0.000000
J2 :2.175271
J3 :-2.261160
J4 :0.539766
J5 :-0.003794
Robocup frame :
[[0.856979    ,0.367852    ,0.360933    ;
 -0.370887   ,0.926495    ,-0.063642   ;
 -0.357814   ,-0.079325   ,0.930418    ]
[0.047287    ,-0.004106   ,0.321846    ]]
Keiser's Torques :
J1 :0.000000
J2 :2.008169
J3 :2.667849
J4 :0.503580
J5 :-0.000586
Keiser's frame :
0.306659 -0.332526 -0.618237 -0.117994 
-0.138440 0.929926 -0.340694 -0.022936 
0.688204 -0.157049 -0.708315 0.247016 
0.000000 0.000000 0.000000 1.000000 
Luhbot's model torques 
J1: 0.000000
J2: 0.000000
J3: 0.124708
J4: 0.122731
J5: -0.000000

Experiment no. : 47

Robocup-at-work torques :
J1 :0.000000
J2 :2.175271
J3 :-2.261160
J4 :0.539766
J5 :-0.003794
Robocup frame :
[[0.856979    ,0.367852    ,0.360933    ;
 -0.370887   ,0.926495    ,-0.063642   ;
 -0.357814   ,-0.079325   ,0.930418    ]
[0.047287    ,-0.004106   ,0.321846    ]]
Keiser's Torques :
J1 :0.000000
J2 :2.008169
J3 :2.667849
J4 :0.503580
J5 :-0.000586
Keiser's frame :
0.306659 -0.332526 -0.618237 -0.117994 
-0.138440 0.929926 -0.340694 -0.022936 
0.688204 -0.157049 -0.708315 0.247016 
0.000000 0.000000 0.000000 1.000000 
Luhbot's model torques 
J1: 0.000000
J2: 0.000000
J3: 0.124708
J4: 0.122731
J5: -0.000000

Experiment no. : 48

Robocup-at-work torques :
J1 :0.000000
J2 :2.175271
J3 :-2.261160
J4 :0.539766
J5 :-0.003794
Robocup frame :
[[0.856979    ,0.367852    ,0.360933    ;
 -0.370887   ,0.926495    ,-0.063642   ;
 -0.357814   ,-0.079325   ,0.930418    ]
[0.047287    ,-0.004106   ,0.321846    ]]
Keiser's Torques :
J1 :0.000000
J2 :2.008169
J3 :2.667849
J4 :0.503580
J5 :-0.000586
Keiser's frame :
0.306659 -0.332526 -0.618237 -0.117994 
-0.138440 0.929926 -0.340694 -0.022936 
0.688204 -0.157049 -0.708315 0.247016 
0.000000 0.000000 0.000000 1.000000 
Luhbot's model torques 
J1: 0.000000
J2: 0.000000
J3: 0.124708
J4: 0.122731
J5: -0.000000

Experiment no. : 49

Robocup-at-work torques :
J1 :0.000000
J2 :2.175271
J3 :-2.261160
J4 :0.539766
J5 :-0.003794
Robocup frame :
[[0.856979    ,0.367852    ,0.360933    ;
 -0.370887   ,0.926495    ,-0.063642   ;
 -0.357814   ,-0.079325   ,0.930418    ]
[0.047287    ,-0.004106   ,0.321846    ]]
Keiser's Torques :
J1 :0.000000
J2 :2.008169
J3 :2.667849
J4 :0.503580
J5 :-0.000586
Keiser's frame :
0.306659 -0.332526 -0.618237 -0.117994 
-0.138440 0.929926 -0.340694 -0.022936 
0.688204 -0.157049 -0.708315 0.247016 
0.000000 0.000000 0.000000 1.000000 
Luhbot's model torques 
J1: 0.000000
J2: 0.000000
J3: 0.124708
J4: 0.122731
J5: -0.000000

Experiment no. : 50

Robocup-at-work torques :
J1 :0.000000
J2 :2.175271
J3 :-2.261160
J4 :0.539766
J5 :-0.003794
Robocup frame :
[[0.856979    ,0.367852    ,0.360933    ;
 -0.370887   ,0.926495    ,-0.063642   ;
 -0.357814   ,-0.079325   ,0.930418    ]
[0.047287    ,-0.004106   ,0.321846    ]]
Keiser's Torques :
J1 :0.000000
J2 :2.008169
J3 :2.667849
J4 :0.503580
J5 :-0.000586
Keiser's frame :
0.306659 -0.332526 -0.618237 -0.117994 
-0.138440 0.929926 -0.340694 -0.022936 
0.688204 -0.157049 -0.708315 0.247016 
0.000000 0.000000 0.000000 1.000000 
Luhbot's model torques 
J1: 0.000000
J2: 0.000000
J3: 0.124708
J4: 0.122731
J5: -0.000000

Experiment no. : 51

Robocup-at-work torques :
J1 :0.000000
J2 :2.175271
J3 :-2.261160
J4 :0.539766
J5 :-0.003794
Robocup frame :
[[0.856979    ,0.367852    ,0.360933    ;
 -0.370887   ,0.926495    ,-0.063642   ;
 -0.357814   ,-0.079325   ,0.930418    ]
[0.047287    ,-0.004106   ,0.321846    ]]
Keiser's Torques :
J1 :0.000000
J2 :2.008169
J3 :2.667849
J4 :0.503580
J5 :-0.000586
Keiser's frame :
0.306659 -0.332526 -0.618237 -0.117994 
-0.138440 0.929926 -0.340694 -0.022936 
0.688204 -0.157049 -0.708315 0.247016 
0.000000 0.000000 0.000000 1.000000 
Luhbot's model torques 
J1: 0.000000
J2: 0.000000
J3: 0.124708
J4: 0.122731
J5: -0.000000

Experiment no. : 52

Robocup-at-work torques :
J1 :0.000000
J2 :2.175271
J3 :-2.261160
J4 :0.539766
J5 :-0.003794
Robocup frame :
[[0.856979    ,0.367852    ,0.360933    ;
 -0.370887   ,0.926495    ,-0.063642   ;
 -0.357814   ,-0.079325   ,0.930418    ]
[0.047287    ,-0.004106   ,0.321846    ]]
Keiser's Torques :
J1 :0.000000
J2 :2.008169
J3 :2.667849
J4 :0.503580
J5 :-0.000586
Keiser's frame :
0.306659 -0.332526 -0.618237 -0.117994 
-0.138440 0.929926 -0.340694 -0.022936 
0.688204 -0.157049 -0.708315 0.247016 
0.000000 0.000000 0.000000 1.000000 
Luhbot's model torques 
J1: 0.000000
J2: 0.000000
J3: 0.124708
J4: 0.122731
J5: -0.000000

Experiment no. : 53

Robocup-at-work torques :
J1 :0.000000
J2 :2.175271
J3 :-2.261160
J4 :0.539766
J5 :-0.003794
Robocup frame :
[[0.856979    ,0.367852    ,0.360933    ;
 -0.370887   ,0.926495    ,-0.063642   ;
 -0.357814   ,-0.079325   ,0.930418    ]
[0.047287    ,-0.004106   ,0.321846    ]]
Keiser's Torques :
J1 :0.000000
J2 :2.008169
J3 :2.667849
J4 :0.503580
J5 :-0.000586
Keiser's frame :
0.306659 -0.332526 -0.618237 -0.117994 
-0.138440 0.929926 -0.340694 -0.022936 
0.688204 -0.157049 -0.708315 0.247016 
0.000000 0.000000 0.000000 1.000000 
Luhbot's model torques 
J1: 0.000000
J2: 0.000000
J3: 0.124708
J4: 0.122731
J5: -0.000000

Experiment no. : 54

Robocup-at-work torques :
J1 :0.000000
J2 :2.175271
J3 :-2.261160
J4 :0.539766
J5 :-0.003794
Robocup frame :
[[0.856979    ,0.367852    ,0.360933    ;
 -0.370887   ,0.926495    ,-0.063642   ;
 -0.357814   ,-0.079325   ,0.930418    ]
[0.047287    ,-0.004106   ,0.321846    ]]
Keiser's Torques :
J1 :0.000000
J2 :2.008169
J3 :2.667849
J4 :0.503580
J5 :-0.000586
Keiser's frame :
0.306659 -0.332526 -0.618237 -0.117994 
-0.138440 0.929926 -0.340694 -0.022936 
0.688204 -0.157049 -0.708315 0.247016 
0.000000 0.000000 0.000000 1.000000 
Luhbot's model torques 
J1: 0.000000
J2: 0.000000
J3: 0.124708
J4: 0.122731
J5: -0.000000

Experiment no. : 55

Robocup-at-work torques :
J1 :0.000000
J2 :2.175271
J3 :-2.261160
J4 :0.539766
J5 :-0.003794
Robocup frame :
[[0.856979    ,0.367852    ,0.360933    ;
 -0.370887   ,0.926495    ,-0.063642   ;
 -0.357814   ,-0.079325   ,0.930418    ]
[0.047287    ,-0.004106   ,0.321846    ]]
Keiser's Torques :
J1 :0.000000
J2 :2.008169
J3 :2.667849
J4 :0.503580
J5 :-0.000586
Keiser's frame :
0.306659 -0.332526 -0.618237 -0.117994 
-0.138440 0.929926 -0.340694 -0.022936 
0.688204 -0.157049 -0.708315 0.247016 
0.000000 0.000000 0.000000 1.000000 
Luhbot's model torques 
J1: 0.000000
J2: 0.000000
J3: 0.124708
J4: 0.122731
J5: -0.000000

Experiment no. : 56

Robocup-at-work torques :
J1 :0.000000
J2 :2.175271
J3 :-2.261160
J4 :0.539766
J5 :-0.003794
Robocup frame :
[[0.856979    ,0.367852    ,0.360933    ;
 -0.370887   ,0.926495    ,-0.063642   ;
 -0.357814   ,-0.079325   ,0.930418    ]
[0.047287    ,-0.004106   ,0.321846    ]]
Keiser's Torques :
J1 :0.000000
J2 :2.008169
J3 :2.667849
J4 :0.503580
J5 :-0.000586
Keiser's frame :
0.306659 -0.332526 -0.618237 -0.117994 
-0.138440 0.929926 -0.340694 -0.022936 
0.688204 -0.157049 -0.708315 0.247016 
0.000000 0.000000 0.000000 1.000000 
Luhbot's model torques 
J1: 0.000000
J2: 0.000000
J3: 0.124708
J4: 0.122731
J5: -0.000000

Experiment no. : 57

Robocup-at-work torques :
J1 :0.000000
J2 :2.175271
J3 :-2.261160
J4 :0.539766
J5 :-0.003794
Robocup frame :
[[0.856979    ,0.367852    ,0.360933    ;
 -0.370887   ,0.926495    ,-0.063642   ;
 -0.357814   ,-0.079325   ,0.930418    ]
[0.047287    ,-0.004106   ,0.321846    ]]
Keiser's Torques :
J1 :0.000000
J2 :2.008169
J3 :2.667849
J4 :0.503580
J5 :-0.000586
Keiser's frame :
0.306659 -0.332526 -0.618237 -0.117994 
-0.138440 0.929926 -0.340694 -0.022936 
0.688204 -0.157049 -0.708315 0.247016 
0.000000 0.000000 0.000000 1.000000 
Luhbot's model torques 
J1: 0.000000
J2: 0.000000
J3: 0.124708
J4: 0.122731
J5: -0.000000

Experiment no. : 58

Robocup-at-work torques :
J1 :0.000000
J2 :2.175271
J3 :-2.261160
J4 :0.539766
J5 :-0.003794
Robocup frame :
[[0.856979    ,0.367852    ,0.360933    ;
 -0.370887   ,0.926495    ,-0.063642   ;
 -0.357814   ,-0.079325   ,0.930418    ]
[0.047287    ,-0.004106   ,0.321846    ]]
Keiser's Torques :
J1 :0.000000
J2 :2.008169
J3 :2.667849
J4 :0.503580
J5 :-0.000586
Keiser's frame :
0.306659 -0.332526 -0.618237 -0.117994 
-0.138440 0.929926 -0.340694 -0.022936 
0.688204 -0.157049 -0.708315 0.247016 
0.000000 0.000000 0.000000 1.000000 
Luhbot's model torques 
J1: 0.000000
J2: 0.000000
J3: 0.124708
J4: 0.122731
J5: -0.000000

Experiment no. : 59

Robocup-at-work torques :
J1 :0.000000
J2 :2.175271
J3 :-2.261160
J4 :0.539766
J5 :-0.003794
Robocup frame :
[[0.856979    ,0.367852    ,0.360933    ;
 -0.370887   ,0.926495    ,-0.063642   ;
 -0.357814   ,-0.079325   ,0.930418    ]
[0.047287    ,-0.004106   ,0.321846    ]]
Keiser's Torques :
J1 :0.000000
J2 :2.008169
J3 :2.667849
J4 :0.503580
J5 :-0.000586
Keiser's frame :
0.306659 -0.332526 -0.618237 -0.117994 
-0.138440 0.929926 -0.340694 -0.022936 
0.688204 -0.157049 -0.708315 0.247016 
0.000000 0.000000 0.000000 1.000000 
Luhbot's model torques 
J1: 0.000000
J2: 0.000000
J3: 0.124708
J4: 0.122731
J5: -0.000000

Experiment no. : 60

Robocup-at-work torques :
J1 :0.000000
J2 :2.175271
J3 :-2.261160
J4 :0.539766
J5 :-0.003794
Robocup frame :
[[0.856979    ,0.367852    ,0.360933    ;
 -0.370887   ,0.926495    ,-0.063642   ;
 -0.357814   ,-0.079325   ,0.930418    ]
[0.047287    ,-0.004106   ,0.321846    ]]
Keiser's Torques :
J1 :0.000000
J2 :2.008169
J3 :2.667849
J4 :0.503580
J5 :-0.000586
Keiser's frame :
0.306659 -0.332526 -0.618237 -0.117994 
-0.138440 0.929926 -0.340694 -0.022936 
0.688204 -0.157049 -0.708315 0.247016 
0.000000 0.000000 0.000000 1.000000 
Luhbot's model torques 
J1: 0.000000
J2: 0.000000
J3: 0.124708
J4: 0.122731
J5: -0.000000

Experiment no. : 61

Robocup-at-work torques :
J1 :0.000000
J2 :2.175271
J3 :-2.261160
J4 :0.539766
J5 :-0.003794
Robocup frame :
[[0.856979    ,0.367852    ,0.360933    ;
 -0.370887   ,0.926495    ,-0.063642   ;
 -0.357814   ,-0.079325   ,0.930418    ]
[0.047287    ,-0.004106   ,0.321846    ]]
Keiser's Torques :
J1 :0.000000
J2 :2.008169
J3 :2.667849
J4 :0.503580
J5 :-0.000586
Keiser's frame :
0.306659 -0.332526 -0.618237 -0.117994 
-0.138440 0.929926 -0.340694 -0.022936 
0.688204 -0.157049 -0.708315 0.247016 
0.000000 0.000000 0.000000 1.000000 
Luhbot's model torques 
J1: 0.000000
J2: 0.000000
J3: 0.124708
J4: 0.122731
J5: -0.000000

