
Experiment no. : 0

Robocup-at-work torques :
J1 :0.000205
J2 :0.283287
J3 :-0.012957
J4 :0.062497
J5 :0.000337
Robocup frame :
[[0.991243    ,-0.128295   ,-0.031255   ;
 0.128245    ,0.991736    ,-0.003588   ;
 0.031457    ,-0.000452   ,0.999505    ]
[0.040853    ,0.001935    ,0.534237    ]]
Keiser's Torques :
J1 :0.001653
J2 :0.397686
J3 :0.051399
J4 :0.033061
J5 :0.001046
Keiser's frame :
-0.254506 0.110468 -0.960801 -0.062790 
0.024702 0.993873 0.107733 0.006100 
0.966815 0.003661 -0.255450 0.644670 
0.000000 0.000000 0.000000 1.000000 
Luhbot's model torques 
J1: 0.000000
J2: -1.316337
J3: 1.827621
J4: -0.560165
J5: 0.000000

Experiment no. : 1

Robocup-at-work torques :
J1 :-0.007584
J2 :0.285396
J3 :-0.012293
J4 :0.062828
J5 :0.000302
Robocup frame :
[[0.991190    ,-0.128701   ,-0.031275   ;
 0.128652    ,0.991683    ,-0.003596   ;
 0.031477    ,-0.000459   ,0.999504    ]
[0.040850    ,0.001937    ,0.534237    ]]
Keiser's Torques :
J1 :-0.031779
J2 :0.397510
J3 :0.051664
J4 :0.033210
J5 :-0.009169
Keiser's frame :
-0.254526 0.110867 -0.960751 -0.062794 
0.024747 0.993828 0.108134 0.006111 
0.966810 0.003722 -0.255468 0.644669 
0.000000 0.000000 0.000000 1.000000 
Luhbot's model torques 
J1: 0.000000
J2: -1.316305
J3: 1.827653
J4: -0.560133
J5: 0.000000

Experiment no. : 2

Robocup-at-work torques :
J1 :0.001240
J2 :0.280762
J3 :-0.014354
J4 :0.062036
J5 :0.000335
Robocup frame :
[[0.990536    ,-0.133618   ,-0.031376   ;
 0.133566    ,0.991033    ,-0.003764   ;
 0.031597    ,-0.000462   ,0.999501    ]
[0.040829    ,0.002019    ,0.534236    ]]
Keiser's Torques :
J1 :0.005095
J2 :0.394381
J3 :0.053837
J4 :0.031425
J5 :0.001463
Keiser's frame :
-0.254699 0.115794 -0.960157 -0.062804 
0.026020 0.993266 0.112894 0.006425 
0.966764 0.003730 -0.255642 0.644658 
0.000000 0.000000 0.000000 1.000000 
Luhbot's model torques 
J1: 0.000000
J2: -1.316175
J3: 1.827783
J4: -0.559988
J5: 0.000000

Experiment no. : 3

Robocup-at-work torques :
J1 :0.001593
J2 :0.285553
J3 :-0.011302
J4 :0.063615
J5 :0.000350
Robocup frame :
[[0.989776    ,-0.139086   ,-0.031612   ;
 0.139031    ,0.990280    ,-0.003968   ;
 0.031857    ,-0.000467   ,0.999492    ]
[0.040788    ,0.002107    ,0.534234    ]]
Keiser's Torques :
J1 :0.006767
J2 :0.401741
J3 :0.048286
J4 :0.035467
J5 :0.001952
Keiser's frame :
-0.255007 0.121272 -0.959438 -0.062839 
0.027444 0.992612 0.118185 0.006776 
0.966682 0.003747 -0.255951 0.644640 
0.000000 0.000000 0.000000 1.000000 
Luhbot's model torques 
J1: 0.000000
J2: -1.315877
J3: 1.828081
J4: -0.559674
J5: 0.000000

Experiment no. : 4

Robocup-at-work torques :
J1 :0.001730
J2 :0.285124
J3 :-0.010849
J4 :0.064885
J5 :0.000371
Robocup frame :
[[0.989072    ,-0.143719   ,-0.032892   ;
 0.143656    ,0.989618    ,-0.004283   ;
 0.033166    ,-0.000489   ,0.999450    ]
[0.040612    ,0.002163    ,0.534226    ]]
Keiser's Torques :
J1 :0.010696
J2 :0.399980
J3 :0.049111
J4 :0.035510
J5 :0.005560
Keiser's frame :
-0.256307 0.125909 -0.958530 -0.063093 
0.028763 0.992035 0.122638 0.007098 
0.966336 0.003785 -0.257256 0.644563 
0.000000 0.000000 0.000000 1.000000 
Luhbot's model torques 
J1: 0.000000
J2: -1.314311
J3: 1.829647
J4: -0.558097
J5: 0.000000

Experiment no. : 5

Robocup-at-work torques :
J1 :0.003315
J2 :0.286416
J3 :-0.009967
J4 :0.065284
J5 :0.000648
Robocup frame :
[[0.988845    ,-0.145273   ,-0.032871   ;
 0.145208    ,0.989392    ,-0.004367   ;
 0.033157    ,-0.000455   ,0.999450    ]
[0.040609    ,0.002207    ,0.534226    ]]
Keiser's Torques :
J1 :0.093801
J2 :0.399926
J3 :0.049130
J4 :0.035468
J5 :0.084659
Keiser's frame :
-0.256317 0.127500 -0.958337 -0.063077 
0.029426 0.991832 0.124108 0.007262 
0.966333 0.003522 -0.257269 0.644563 
0.000000 0.000000 0.000000 1.000000 
Luhbot's model torques 
J1: 0.000000
J2: -1.314364
J3: 1.829594
J4: -0.558145
J5: 0.000000

Experiment no. : 6

Robocup-at-work torques :
J1 :0.000750
J2 :0.287833
J3 :-0.009587
J4 :0.065235
J5 :0.000608
Robocup frame :
[[0.993025    ,-0.113243   ,-0.032817   ;
 0.113160    ,0.993567    ,-0.004392   ;
 0.033103    ,0.000648    ,0.999452    ]
[0.040620    ,0.002224    ,0.534226    ]]
Keiser's Torques :
J1 :0.074082
J2 :0.401692
J3 :0.048119
J4 :0.036080
J5 :0.072493
Keiser's frame :
-0.256365 0.096498 -0.961948 -0.063087 
0.029677 0.995320 0.091959 0.007324 
0.966321 -0.005041 -0.257292 0.644558 
0.000000 0.000000 0.000000 1.000000 
Luhbot's model torques 
J1: 0.000000
J2: -1.315542
J3: 1.828416
J4: -0.559297
J5: 0.000000

Experiment no. : 7

Robocup-at-work torques :
J1 :0.004734
J2 :0.282737
J3 :-0.012656
J4 :0.063490
J5 :0.000617
Robocup frame :
[[0.998989    ,-0.030747   ,-0.032788   ;
 0.030619    ,0.999522    ,-0.004383   ;
 0.032907    ,0.003375    ,0.999453    ]
[0.040628    ,0.002223    ,0.534226    ]]
Keiser's Torques :
J1 :0.090329
J2 :0.397893
J3 :0.050580
J4 :0.034750
J5 :0.077011
Keiser's frame :
-0.256394 0.016624 -0.966624 -0.063099 
0.029642 0.999517 0.009350 0.007316 
0.966313 -0.026263 -0.256027 0.644556 
0.000000 0.000000 0.000000 1.000000 
Luhbot's model torques 
J1: 0.000000
J2: -1.317581
J3: 1.826377
J4: -0.561321
J5: -0.006331

Experiment no. : 8

Robocup-at-work torques :
J1 :0.002381
J2 :0.283755
J3 :-0.012865
J4 :0.062598
J5 :0.000574
Robocup frame :
[[0.994246    ,0.101990    ,-0.032764   ;
 -0.102185   ,0.994756    ,-0.004335   ;
 0.032150    ,0.007658    ,0.999454    ]
[0.040639    ,0.002201    ,0.534226    ]]
Keiser's Torques :
J1 :0.072246
J2 :0.401079
J3 :0.048590
J4 :0.035889
J5 :0.065917
Keiser's frame :
-0.256423 -0.111736 -0.960270 -0.063119 
0.029300 0.991946 -0.123225 0.007232 
0.966305 -0.059648 -0.250393 0.644553 
0.000000 0.000000 0.000000 1.000000 
Luhbot's model torques 
J1: 0.000000
J2: -1.318646
J3: 1.825312
J4: -0.562370
J5: 0.000857

Experiment no. : 9

Robocup-at-work torques :
J1 :0.002673
J2 :0.279812
J3 :-0.015976
J4 :0.060214
J5 :0.000420
Robocup frame :
[[0.960026    ,0.277990    ,-0.032726   ;
 -0.278267   ,0.960495    ,-0.004163   ;
 0.030276    ,0.013103    ,0.999456    ]
[0.040660    ,0.002119    ,0.534227    ]]
Keiser's Torques :
J1 :0.035526
J2 :0.399572
J3 :0.049892
J4 :0.034810
J5 :0.028094
Keiser's frame :
-0.256403 -0.281654 -0.924776 -0.063153 
0.028017 0.954054 -0.298322 0.006916 
0.966310 -0.102235 -0.236204 0.644554 
0.000000 0.000000 0.000000 1.000000 
Luhbot's model torques 
J1: 0.000000
J2: -1.315975
J3: 1.827983
J4: -0.559688
J5: 0.000000

Experiment no. : 10

Robocup-at-work torques :
J1 :0.000685
J2 :0.276006
J3 :-0.019272
J4 :0.057602
J5 :0.000050
Robocup frame :
[[0.877795    ,0.477924    ,-0.032644   ;
 -0.478288   ,0.878194    ,-0.003934   ;
 0.026787    ,0.019066    ,0.999459    ]
[0.040691    ,0.002012    ,0.534227    ]]
Keiser's Torques :
J1 :-0.064426
J2 :0.397921
J3 :0.051329
J4 :0.033735
J5 :-0.066882
Keiser's frame :
-0.256336 -0.474094 -0.842448 -0.063185 
0.026323 0.867738 -0.496324 0.006498 
0.966328 -0.149216 -0.209629 0.644557 
0.000000 0.000000 0.000000 1.000000 
Luhbot's model torques 
J1: 0.000000
J2: -1.306740
J3: 1.837218
J4: -0.550443
J5: 0.000000

Experiment no. : 11

Robocup-at-work torques :
J1 :0.002148
J2 :0.274101
J3 :-0.020981
J4 :0.055881
J5 :-0.000006
Robocup frame :
[[0.770747    ,0.636312    ,-0.032495   ;
 -0.636736   ,0.771073    ,-0.003659   ;
 0.022727    ,0.023511    ,0.999465    ]
[0.040729    ,0.001884    ,0.534228    ]]
Keiser's Torques :
J1 :-0.063950
J2 :0.396333
J3 :0.052705
J4 :0.032452
J5 :-0.070918
Keiser's frame :
-0.256163 -0.626012 -0.736600 -0.063196 
0.024310 0.757580 -0.652290 0.006001 
0.966375 -0.184884 -0.178712 0.644568 
0.000000 0.000000 0.000000 1.000000 
Luhbot's model torques 
J1: 0.000000
J2: -1.293636
J3: 1.850322
J4: -0.537338
J5: 0.000000

Experiment no. : 12

Robocup-at-work torques :
J1 :0.000240
J2 :0.279752
J3 :-0.018178
J4 :0.056393
J5 :-0.000037
Robocup frame :
[[0.671525    ,0.740280    ,-0.032249   ;
 -0.740733   ,0.671791    ,-0.003322   ;
 0.019205    ,0.026119    ,0.999474    ]
[0.040786    ,0.001729    ,0.534230    ]]
Keiser's Torques :
J1 :-0.069151
J2 :0.404314
J3 :0.047063
J4 :0.036170
J5 :-0.070677
Keiser's frame :
-0.255893 -0.725401 -0.638976 -0.063188 
0.021859 0.656480 -0.754027 0.005397 
0.966447 -0.206950 -0.152161 0.644584 
0.000000 0.000000 0.000000 1.000000 
Luhbot's model torques 
J1: 0.000000
J2: -1.281489
J3: 1.862486
J4: -0.525169
J5: 0.000000

Experiment no. : 13

Robocup-at-work torques :
J1 :-0.000589
J2 :0.267066
J3 :-0.027107
J4 :0.050914
J5 :0.000122
Robocup frame :
[[0.596902    ,0.801725    ,-0.030751   ;
 -0.802153   ,0.597112    ,-0.002831   ;
 0.016092    ,0.026357    ,0.999523    ]
[0.041006    ,0.001566    ,0.534240    ]]
Keiser's Torques :
J1 :-0.013805
J2 :0.384150
J3 :0.063156
J4 :0.023722
J5 :-0.011808
Keiser's frame :
-0.254372 -0.784234 -0.565807 -0.062903 
0.018965 0.580931 -0.813732 0.004685 
0.966851 -0.217935 -0.133053 0.644673 
0.000000 0.000000 0.000000 1.000000 
Luhbot's model torques 
J1: 0.000000
J2: -1.274298
J3: 1.869710
J4: -0.517945
J5: 0.000000

Experiment no. : 14

Robocup-at-work torques :
J1 :-0.001127
J2 :0.306372
J3 :-0.005762
J4 :0.058835
J5 :0.000284
Robocup frame :
[[0.543906    ,0.838583    ,-0.030729   ;
 -0.839019   ,0.544097    ,-0.002503   ;
 0.014620    ,0.027144    ,0.999525    ]
[0.041045    ,0.001388    ,0.534241    ]]
Keiser's Torques :
J1 :0.028220
J2 :0.434845
J3 :0.032631
J4 :0.038567
J5 :0.030486
Keiser's frame :
-0.254287 -0.819281 -0.513701 -0.062907 
0.016279 0.527517 -0.849388 0.004020 
0.966874 -0.224731 -0.121039 0.644682 
0.000000 0.000000 0.000000 1.000000 
Luhbot's model torques 
J1: 0.000000
J2: -1.268371
J3: 1.875755
J4: -0.511874
J5: 0.000000

Experiment no. : 15

Robocup-at-work torques :
J1 :-0.000893
J2 :0.276031
J3 :-0.021652
J4 :0.052869
J5 :0.000158
Robocup frame :
[[0.468430    ,0.882984    ,-0.030225   ;
 -0.883416   ,0.468585    ,-0.002148   ;
 0.012266    ,0.027707    ,0.999541    ]
[0.041291    ,0.001229    ,0.534250    ]]
Keiser's Torques :
J1 :0.003779
J2 :0.397998
J3 :0.053280
J4 :0.029676
J5 :0.006478
Keiser's frame :
-0.253732 -0.861351 -0.439768 -0.062651 
0.013619 0.451485 -0.892175 0.003355 
0.967025 -0.232886 -0.103090 0.644739 
0.000000 0.000000 0.000000 1.000000 
Luhbot's model torques 
J1: 0.000000
J2: -1.261012
J3: 1.884091
J4: -0.503249
J5: 0.000000

Experiment no. : 16

Robocup-at-work torques :
J1 :0.000634
J2 :0.203762
J3 :-0.058891
J4 :0.039397
J5 :0.000014
Robocup frame :
[[0.387746    ,0.921321    ,-0.028637   ;
 -0.921717   ,0.387858    ,-0.001765   ;
 0.009481    ,0.027080    ,0.999588    ]
[0.041985    ,0.001109    ,0.534275    ]]
Keiser's Torques :
J1 :-0.019168
J2 :0.311580
J3 :0.100538
J4 :0.010773
J5 :-0.018470
Keiser's frame :
-0.252158 -0.897657 -0.360961 -0.061848 
0.011159 0.370352 -0.928825 0.002730 
0.967449 -0.238855 -0.083616 0.644898 
0.000000 0.000000 0.000000 1.000000 
Luhbot's model torques 
J1: 0.000000
J2: -1.256469
J3: 1.891425
J4: -0.495056
J5: 0.000000

Experiment no. : 17

Robocup-at-work torques :
J1 :-0.002817
J2 :0.247599
J3 :-0.035693
J4 :0.047703
J5 :-0.000068
Robocup frame :
[[0.302911    ,0.952597    ,-0.028343   ;
 -0.952992   ,0.302992    ,-0.001495   ;
 0.007163    ,0.027463    ,0.999597    ]
[0.042129    ,0.000956    ,0.534280    ]]
Keiser's Torques :
J1 :-0.047997
J2 :0.364601
J3 :0.070652
J4 :0.023021
J5 :-0.039982
Keiser's frame :
-0.251809 -0.926751 -0.278117 -0.061691 
0.008904 0.285197 -0.958428 0.002175 
0.967542 -0.244530 -0.063776 0.644933 
0.000000 0.000000 0.000000 1.000000 
Luhbot's model torques 
J1: 0.000000
J2: -1.246689
J3: 1.901775
J4: -0.484542
J5: 0.000000

Experiment no. : 18

Robocup-at-work torques :
J1 :-0.002882
J2 :0.247575
J3 :-0.035713
J4 :0.047628
J5 :-0.000208
Robocup frame :
[[0.260763    ,0.964986    ,-0.028370   ;
 -0.965383   ,0.260831    ,-0.001347   ;
 0.006100    ,0.027739    ,0.999597    ]
[0.042128    ,0.000861    ,0.534280    ]]
Keiser's Torques :
J1 :-0.084306
J2 :0.363787
J3 :0.071194
J4 :0.022632
J5 :-0.076601
Keiser's frame :
-0.251790 -0.938111 -0.236964 -0.061694 
0.007577 0.242980 -0.970002 0.001851 
0.967547 -0.246796 -0.054263 0.644934 
0.000000 0.000000 0.000000 1.000000 
Luhbot's model torques 
J1: 0.000000
J2: -1.241321
J3: 1.907144
J4: -0.479184
J5: 0.000000

Experiment no. : 19

Robocup-at-work torques :
J1 :-0.000467
J2 :0.247309
J3 :-0.035683
J4 :0.047576
J5 :-0.000074
Robocup frame :
[[0.212918    ,0.976657    ,-0.028410   ;
 -0.977057   ,0.212973    ,-0.001111   ;
 0.004966    ,0.027995    ,0.999596    ]
[0.042127    ,0.000709    ,0.534280    ]]
Keiser's Torques :
J1 :-0.036932
J2 :0.364193
J3 :0.070951
J4 :0.022487
J5 :-0.035830
Keiser's frame :
-0.251761 -0.948690 -0.190207 -0.061697 
0.005462 0.195181 -0.980752 0.001334 
0.967555 -0.248779 -0.044121 0.644937 
0.000000 0.000000 0.000000 1.000000 
Luhbot's model torques 
J1: 0.000000
J2: -1.235527
J3: 1.912938
J4: -0.473405
J5: 0.000000

Experiment no. : 20

Robocup-at-work torques :
J1 :-0.001449
J2 :0.247921
J3 :-0.035384
J4 :0.047716
J5 :0.000111
Robocup frame :
[[0.217133    ,0.975728    ,-0.028424   ;
 -0.976128   ,0.217193    ,-0.001001   ;
 0.005197    ,0.027963    ,0.999595    ]
[0.042127    ,0.000638    ,0.534280    ]]
Keiser's Torques :
J1 :0.011906
J2 :0.365014
J3 :0.070441
J4 :0.022770
J5 :0.016613
Keiser's frame :
-0.251751 -0.947883 -0.194180 -0.061699 
0.004479 0.199541 -0.979879 0.001094 
0.967557 -0.248399 -0.046161 0.644938 
0.000000 0.000000 0.000000 1.000000 
Luhbot's model torques 
J1: 0.000000
J2: -1.236670
J3: 1.911795
J4: -0.474554
J5: 0.000000

Experiment no. : 21

Robocup-at-work torques :
J1 :-0.000028
J2 :0.247790
J3 :-0.035310
J4 :0.047760
J5 :0.000197
Robocup frame :
[[0.233454    ,0.971952    ,-0.028448   ;
 -0.972351   ,0.233523    ,-0.000889   ;
 0.005779    ,0.027869    ,0.999595    ]
[0.042124    ,0.000567    ,0.534280    ]]
Keiser's Torques :
J1 :0.038310
J2 :0.365579
J3 :0.069974
J4 :0.023001
J5 :0.039118
Keiser's frame :
-0.251732 -0.944524 -0.209914 -0.061696 
0.003484 0.216060 -0.976374 0.000851 
0.967562 -0.247372 -0.051288 0.644939 
0.000000 0.000000 0.000000 1.000000 
Luhbot's model torques 
J1: 0.000000
J2: -1.239543
J3: 1.908922
J4: -0.477438
J5: 0.000000

Experiment no. : 22

Robocup-at-work torques :
J1 :0.001388
J2 :0.247857
J3 :-0.035131
J4 :0.047819
J5 :0.000432
Robocup frame :
[[0.224900    ,0.973966    ,-0.028481   ;
 -0.974366   ,0.224969    ,-0.000774   ;
 0.005654    ,0.027925    ,0.999594    ]
[0.042118    ,0.000492    ,0.534280    ]]
Keiser's Torques :
J1 :0.108386
J2 :0.366659
J3 :0.069262
J4 :0.023226
J5 :0.105902
Keiser's frame :
-0.251703 -0.946364 -0.201475 -0.061688 
0.002453 0.207600 -0.978211 0.000599 
0.967570 -0.247582 -0.050117 0.644942 
0.000000 0.000000 0.000000 1.000000 
Luhbot's model torques 
J1: 0.000000
J2: -1.238831
J3: 1.909634
J4: -0.476741
J5: 0.000000

Experiment no. : 23

Robocup-at-work torques :
J1 :-0.000706
J2 :0.246134
J3 :-0.036268
J4 :0.047299
J5 :0.000033
Robocup frame :
[[0.167165    ,0.985517    ,-0.028504   ;
 -0.985920   ,0.167214    ,-0.000659   ;
 0.004116    ,0.028213    ,0.999593    ]
[0.042115    ,0.000419    ,0.534280    ]]
Keiser's Torques :
J1 :-0.004855
J2 :0.362806
J3 :0.071833
J4 :0.021869
J5 :-0.002525
Keiser's frame :
-0.251683 -0.956607 -0.145278 -0.061683 
0.001432 0.149777 -0.988719 0.000350 
0.967575 -0.249939 -0.036461 0.644943 
0.000000 0.000000 0.000000 1.000000 
Luhbot's model torques 
J1: 0.000000
J2: -1.231015
J3: 1.917450
J4: -0.468936
J5: 0.000000

Experiment no. : 24

Robocup-at-work torques :
J1 :-0.004602
J2 :0.250147
J3 :-0.034253
J4 :0.048040
J5 :-0.000241
Robocup frame :
[[0.070822    ,0.997081    ,-0.028527   ;
 -0.997488   ,0.070835    ,-0.000555   ;
 0.001467    ,0.028494    ,0.999593    ]
[0.042109    ,0.000353    ,0.534280    ]]
Keiser's Torques :
J1 :-0.084220
J2 :0.365118
J3 :0.070593
J4 :0.022262
J5 :-0.071427
Keiser's frame :
-0.251683 -0.966192 -0.051725 -0.061686 
0.000508 0.053326 -0.998577 0.000124 
0.967575 -0.252250 -0.012979 0.644943 
0.000000 0.000000 0.000000 1.000000 
Luhbot's model torques 
J1: 0.000000
J2: -1.217348
J3: 1.931101
J4: -0.455296
J5: 0.000000

Experiment no. : 25

Robocup-at-work torques :
J1 :-0.000271
J2 :0.247669
J3 :-0.035372
J4 :0.047575
J5 :-0.000213
Robocup frame :
[[0.010165    ,0.999541    ,-0.028527   ;
 -0.999948   ,0.010155    ,-0.000506   ;
 -0.000216   ,0.028531    ,0.999593    ]
[0.042110    ,0.000321    ,0.534280    ]]
Keiser's Torques :
J1 :-0.060055
J2 :0.362945
J3 :0.072067
J4 :0.021182
J5 :-0.059866
Keiser's frame :
-0.251683 -0.967549 0.007077 -0.061686 
0.000068 -0.007332 -0.999973 0.000017 
0.967575 -0.252577 0.001918 0.644943 
0.000000 0.000000 0.000000 1.000000 
Luhbot's model torques 
J1: 0.000000
J2: -1.208560
J3: 1.939888
J4: -0.446508
J5: 0.000000

Experiment no. : 26

Robocup-at-work torques :
J1 :-0.000336
J2 :0.247711
J3 :-0.035356
J4 :0.047567
J5 :-0.000268
Robocup frame :
[[-0.002989   ,0.999589    ,-0.028507   ;
 -0.999995   ,-0.003005   ,-0.000506   ;
 -0.000591   ,0.028506    ,0.999593    ]
[0.042113    ,0.000321    ,0.534280    ]]
Keiser's Torques :
J1 :-0.074527
J2 :0.362609
J3 :0.072319
J4 :0.021004
J5 :-0.074349
Keiser's frame :
-0.251664 -0.967377 0.019809 -0.061682 
0.000071 -0.020491 -0.999790 0.000017 
0.967580 -0.252510 0.005244 0.644944 
0.000000 0.000000 0.000000 1.000000 
Luhbot's model torques 
J1: 0.000000
J2: -1.206607
J3: 1.941841
J4: -0.444555
J5: 0.000000

Experiment no. : 27

Robocup-at-work torques :
J1 :-0.000248
J2 :0.247557
J3 :-0.035468
J4 :0.047520
J5 :-0.000193
Robocup frame :
[[0.016043    ,0.999465    ,-0.028497   ;
 -0.999871   ,0.016035    ,-0.000506   ;
 -0.000049   ,0.028502    ,0.999594    ]
[0.042115    ,0.000322    ,0.534280    ]]
Keiser's Torques :
J1 :-0.054964
J2 :0.362987
J3 :0.072055
J4 :0.021201
J5 :-0.054771
Keiser's frame :
-0.251674 -0.967576 0.001387 -0.061685 
0.000073 -0.001453 -0.999999 0.000018 
0.967577 -0.252574 0.000438 0.644944 
0.000000 0.000000 0.000000 1.000000 
Luhbot's model torques 
J1: 0.000000
J2: -1.209481
J3: 1.938967
J4: -0.447424
J5: 0.000000

Experiment no. : 28

Robocup-at-work torques :
J1 :0.000252
J2 :0.247527
J3 :-0.035475
J4 :0.047533
J5 :0.000218
Robocup frame :
[[0.092808    ,0.995276    ,-0.028497   ;
 -0.995682   ,0.092831    ,-0.000506   ;
 0.002142    ,0.028421    ,0.999594    ]
[0.042115    ,0.000322    ,0.534280    ]]
Keiser's Torques :
J1 :0.055753
J2 :0.365171
J3 :0.070520
J4 :0.022171
J5 :0.055995
Keiser's frame :
-0.251674 -0.964821 -0.072979 -0.061685 
0.000073 0.075405 -0.997153 0.000018 
0.967577 -0.251861 -0.018975 0.644944 
0.000000 0.000000 0.000000 1.000000 
Luhbot's model torques 
J1: 0.000000
J2: -1.220895
J3: 1.927553
J4: -0.458838
J5: 0.000000

Experiment no. : 29

Robocup-at-work torques :
J1 :0.000323
J2 :0.247890
J3 :-0.035221
J4 :0.047692
J5 :0.000294
Robocup frame :
[[0.160585    ,0.986610    ,-0.028497   ;
 -0.987014   ,0.160636    ,-0.000506   ;
 0.004078    ,0.028209    ,0.999594    ]
[0.042115    ,0.000322    ,0.534280    ]]
Keiser's Torques :
J1 :0.071591
J2 :0.365890
J3 :0.069888
J4 :0.022726
J5 :0.071817
Keiser's frame :
-0.251674 -0.957582 -0.138722 -0.061685 
0.000076 0.143351 -0.989672 0.000019 
0.967577 -0.249976 -0.036134 0.644944 
0.000000 0.000000 0.000000 1.000000 
Luhbot's model torques 
J1: 0.000000
J2: -1.230819
J3: 1.917629
J4: -0.468762
J5: 0.000000

Experiment no. : 30

Robocup-at-work torques :
J1 :0.000271
J2 :0.247996
J3 :-0.035142
J4 :0.047748
J5 :0.000262
Robocup frame :
[[0.182879    ,0.982722    ,-0.028497   ;
 -0.983124   ,0.182939    ,-0.000506   ;
 0.004716    ,0.028109    ,0.999594    ]
[0.042115    ,0.000322    ,0.534280    ]]
Keiser's Torques :
J1 :0.060336
J2 :0.365883
J3 :0.069826
J4 :0.022849
J5 :0.060552
Keiser's frame :
-0.251674 -0.954196 -0.160364 -0.061685 
0.000073 0.165719 -0.986173 0.000018 
0.967577 -0.249094 -0.041786 0.644944 
0.000000 0.000000 0.000000 1.000000 
Luhbot's model torques 
J1: 0.000000
J2: -1.234053
J3: 1.914395
J4: -0.471997
J5: 0.000000

Experiment no. : 31

Robocup-at-work torques :
J1 :0.000351
J2 :0.248024
J3 :-0.035115
J4 :0.047745
J5 :0.000320
Robocup frame :
[[0.172068    ,0.984672    ,-0.028507   ;
 -0.985075   ,0.172124    ,-0.000506   ;
 0.004409    ,0.028169    ,0.999593    ]
[0.042113    ,0.000322    ,0.534280    ]]
Keiser's Torques :
J1 :0.078031
J2 :0.366109
J3 :0.069704
J4 :0.022848
J5 :0.078254
Keiser's frame :
-0.251664 -0.955903 -0.149868 -0.061682 
0.000073 0.154871 -0.987935 0.000018 
0.967580 -0.249528 -0.039045 0.644944 
0.000000 0.000000 0.000000 1.000000 
Luhbot's model torques 
J1: 0.000000
J2: -1.232470
J3: 1.915978
J4: -0.470418
J5: 0.000000

Experiment no. : 32

Robocup-at-work torques :
J1 :0.000463
J2 :0.247603
J3 :-0.035399
J4 :0.047569
J5 :0.000307
Robocup frame :
[[0.105818    ,0.993977    ,-0.028507   ;
 -0.994382   ,0.105847    ,-0.000506   ;
 0.002515    ,0.028401    ,0.999593    ]
[0.042113    ,0.000321    ,0.534280    ]]
Keiser's Torques :
J1 :0.080307
J2 :0.365669
J3 :0.070162
J4 :0.022368
J5 :0.080255
Keiser's frame :
-0.251664 -0.963787 -0.085592 -0.061682 
0.000071 0.088442 -0.996081 0.000017 
0.967580 -0.251581 -0.022269 0.644944 
0.000000 0.000000 0.000000 1.000000 
Luhbot's model torques 
J1: 0.000000
J2: -1.222795
J3: 1.925653
J4: -0.460743
J5: 0.000000

Experiment no. : 33

Robocup-at-work torques :
J1 :0.000608
J2 :0.245574
J3 :-0.036533
J4 :0.047076
J5 :0.000215
Robocup frame :
[[-0.014594   ,0.999486    ,-0.028537   ;
 -0.999893   ,-0.014614   ,-0.000505   ;
 -0.000922   ,0.028527    ,0.999593    ]
[0.042105    ,0.000320    ,0.534280    ]]
Keiser's Torques :
J1 :0.064746
J2 :0.362681
J3 :0.072348
J4 :0.020830
J5 :0.064136
Keiser's frame :
-0.251635 -0.967090 0.031040 -0.061671 
0.000061 -0.032096 -0.999485 0.000015 
0.967588 -0.252404 0.008164 0.644947 
0.000000 0.000000 0.000000 1.000000 
Luhbot's model torques 
J1: 0.000000
J2: -1.204812
J3: 1.943636
J4: -0.442776
J5: 0.000000

Experiment no. : 34

Robocup-at-work torques :
J1 :0.002905
J2 :0.247826
J3 :-0.034960
J4 :0.047763
J5 :-0.000067
Robocup frame :
[[-0.179508   ,0.983342    ,-0.028568   ;
 -0.983741   ,-0.179595   ,-0.000480   ;
 -0.005603   ,0.028017    ,0.999592    ]
[0.042096    ,0.000304    ,0.534280    ]]
Keiser's Torques :
J1 :0.005735
J2 :0.364614
J3 :0.071393
J4 :0.020598
J5 :-0.002690
Keiser's frame :
-0.251625 -0.948671 0.190405 -0.061670 
-0.000167 -0.196740 -0.980456 -0.000041 
0.967590 -0.247622 0.049524 0.644948 
0.000000 0.000000 0.000000 1.000000 
Luhbot's model torques 
J1: 0.000000
J2: -1.179592
J3: 1.968840
J4: -0.417589
J5: 0.000000

Experiment no. : 35

Robocup-at-work torques :
J1 :-0.000564
J2 :0.248917
J3 :-0.034355
J4 :0.048256
J5 :-0.000360
Robocup frame :
[[-0.299819   ,0.953569    ,-0.028558   ;
 -0.953954   ,-0.299953   ,-0.000443   ;
 -0.008989   ,0.027111    ,0.999592    ]
[0.042096    ,0.000281    ,0.534280    ]]
Keiser's Torques :
J1 :-0.075943
J2 :0.361802
J3 :0.073429
J4 :0.019465
J5 :-0.075139
Keiser's frame :
-0.251596 -0.917810 0.306383 -0.061662 
-0.000490 -0.316522 -0.948585 -0.000120 
0.967598 -0.239664 0.079471 0.644949 
0.000000 0.000000 0.000000 1.000000 
Luhbot's model torques 
J1: 0.000000
J2: -1.160795
J3: 1.987636
J4: -0.398797
J5: 0.000000

Experiment no. : 36

Robocup-at-work torques :
J1 :-0.003527
J2 :0.251391
J3 :-0.032630
J4 :0.049565
J5 :-0.000462
Robocup frame :
[[-0.524239   ,0.851092    ,-0.028560   ;
 -0.851434   ,-0.524461   ,-0.000342   ;
 -0.015270   ,0.024138    ,0.999592    ]
[0.042084    ,0.000216    ,0.534280    ]]
Keiser's Torques :
J1 :-0.093999
J2 :0.359267
J3 :0.075802
J4 :0.017283
J5 :-0.084598
Keiser's frame :
-0.251499 -0.814775 0.521955 -0.061639 
-0.001386 -0.539114 -0.842231 -0.000338 
0.967623 -0.213299 0.134942 0.644956 
0.000000 0.000000 0.000000 1.000000 
Luhbot's model torques 
J1: 0.000000
J2: -1.124345
J3: 2.024053
J4: -0.362418
J5: 0.000000

Experiment no. : 37

Robocup-at-work torques :
J1 :0.002898
J2 :0.248121
J3 :-0.033848
J4 :0.049322
J5 :-0.000401
Robocup frame :
[[-0.604552   ,0.796055    ,-0.028520   ;
 -0.796373   ,-0.604806   ,-0.000338   ;
 -0.017518   ,0.022508    ,0.999593    ]
[0.042084    ,0.000214    ,0.534280    ]]
Keiser's Torques :
J1 :-0.053630
J2 :0.356195
J3 :0.078018
J4 :0.015423
J5 :-0.062839
Keiser's frame :
-0.251422 -0.760145 0.598761 -0.061622 
-0.001413 -0.618492 -0.785790 -0.000345 
0.967643 -0.199116 0.154983 0.644960 
0.000000 0.000000 0.000000 1.000000 
Luhbot's model torques 
J1: 0.000000
J2: -1.110589
J3: 2.037792
J4: -0.348695
J5: 0.000000

Experiment no. : 38

Robocup-at-work torques :
J1 :-0.001766
J2 :0.253729
J3 :-0.030780
J4 :0.050715
J5 :-0.000385
Robocup frame :
[[-0.644203   ,0.764323    ,-0.028500   ;
 -0.764628   ,-0.644471   ,-0.000312   ;
 -0.018606   ,0.021591    ,0.999594    ]
[0.042080    ,0.000198    ,0.534280    ]]
Keiser's Torques :
J1 :-0.057203
J2 :0.361305
J3 :0.074798
J4 :0.017090
J5 :-0.052626
Keiser's frame :
-0.251345 -0.728751 0.636629 -0.061604 
-0.001640 -0.657580 -0.753383 -0.000400 
0.967663 -0.191077 0.164673 0.644965 
0.000000 0.000000 0.000000 1.000000 
Luhbot's model torques 
J1: 0.000000
J2: -1.103747
J3: 2.044617
J4: -0.341890
J5: 0.000000

Experiment no. : 39

Robocup-at-work torques :
J1 :-0.001789
J2 :0.252314
J3 :-0.031617
J4 :0.050366
J5 :-0.000337
Robocup frame :
[[-0.651785   ,0.757869    ,-0.028481   ;
 -0.758172   ,-0.652054   ,-0.000238   ;
 -0.018751   ,0.021439    ,0.999594    ]
[0.042076    ,0.000151    ,0.534280    ]]
Keiser's Torques :
J1 :-0.043704
J2 :0.359606
J3 :0.075966
J4 :0.016442
J5 :-0.038803
Keiser's frame :
-0.251306 -0.722326 0.643927 -0.061599 
-0.002300 -0.664987 -0.746851 -0.000562 
0.967673 -0.189834 0.166046 0.644967 
0.000000 0.000000 0.000000 1.000000 
Luhbot's model torques 
J1: 0.000000
J2: -1.102733
J3: 2.045597
J4: -0.340926
J5: 0.000000

Experiment no. : 40

Robocup-at-work torques :
J1 :0.000178
J2 :0.250830
J3 :-0.032389
J4 :0.049897
J5 :-0.000048
Robocup frame :
[[-0.638515   ,0.769081    ,-0.028521   ;
 -0.769390   ,-0.638779   ,-0.000219   ;
 -0.018387   ,0.021804    ,0.999593    ]
[0.042061    ,0.000139    ,0.534280    ]]
Keiser's Torques :
J1 :0.041777
J2 :0.360928
J3 :0.075028
J4 :0.016794
J5 :0.042000
Keiser's frame :
-0.251248 -0.733406 0.631303 -0.061582 
-0.002468 -0.651890 -0.758309 -0.000603 
0.967689 -0.192756 0.162555 0.644971 
0.000000 0.000000 0.000000 1.000000 
Luhbot's model torques 
J1: 0.000000
J2: -1.105074
J3: 2.043240
J4: -0.343316
J5: 0.000000

Experiment no. : 41

Robocup-at-work torques :
J1 :0.000103
J2 :0.250982
J3 :-0.032339
J4 :0.049885
J5 :-0.000108
Robocup frame :
[[-0.630226   ,0.775888    ,-0.028511   ;
 -0.776200   ,-0.630487   ,-0.000219   ;
 -0.018146   ,0.021992    ,0.999593    ]
[0.042063    ,0.000139    ,0.534280    ]]
Keiser's Torques :
J1 :0.024103
J2 :0.360757
J3 :0.075125
J4 :0.016794
J5 :0.024300
Keiser's frame :
-0.251257 -0.740135 0.623395 -0.061585 
-0.002469 -0.643716 -0.765260 -0.000603 
0.967686 -0.194496 0.160484 0.644970 
0.000000 0.000000 0.000000 1.000000 
Luhbot's model torques 
J1: 0.000000
J2: -1.106554
J3: 2.041760
J4: -0.344790
J5: 0.000000

Experiment no. : 42

Robocup-at-work torques :
J1 :-0.000064
J2 :0.251603
J3 :-0.031925
J4 :0.050119
J5 :-0.000248
Robocup frame :
[[-0.639583   ,0.768193    ,-0.028511   ;
 -0.768501   ,-0.639848   ,-0.000219   ;
 -0.018411   ,0.021771    ,0.999593    ]
[0.042063    ,0.000139    ,0.534280    ]]
Keiser's Torques :
J1 :-0.014998
J2 :0.360248
J3 :0.075457
J4 :0.016616
J5 :-0.014859
Keiser's frame :
-0.251257 -0.732526 0.632320 -0.061585 
-0.002469 -0.652944 -0.757402 -0.000603 
0.967686 -0.192537 0.162829 0.644970 
0.000000 0.000000 0.000000 1.000000 
Luhbot's model torques 
J1: 0.000000
J2: -1.104904
J3: 2.043410
J4: -0.343140
J5: 0.000000

Experiment no. : 43

Robocup-at-work torques :
J1 :0.000167
J2 :0.250948
J3 :-0.032286
J4 :0.050015
J5 :-0.000062
Robocup frame :
[[-0.651845   ,0.757816    ,-0.028511   ;
 -0.758120   ,-0.652115   ,-0.000219   ;
 -0.018758   ,0.021472    ,0.999593    ]
[0.042063    ,0.000139    ,0.534280    ]]
Keiser's Torques :
J1 :0.039099
J2 :0.360755
J3 :0.075190
J4 :0.016675
J5 :0.039315
Keiser's frame :
-0.251257 -0.722270 0.644009 -0.061585 
-0.002469 -0.665030 -0.746812 -0.000603 
0.967686 -0.189896 0.165902 0.644970 
0.000000 0.000000 0.000000 1.000000 
Luhbot's model torques 
J1: 0.000000
J2: -1.102731
J3: 2.045583
J4: -0.340967
J5: 0.000000

Experiment no. : 44

Robocup-at-work torques :
J1 :0.000276
J2 :0.250677
J3 :-0.032396
J4 :0.050045
J5 :0.000025
Robocup frame :
[[-0.667510   ,0.744055    ,-0.028511   ;
 -0.744353   ,-0.667786   ,-0.000219   ;
 -0.019202   ,0.021076    ,0.999593    ]
[0.042063    ,0.000139    ,0.534280    ]]
Keiser's Torques :
J1 :0.065073
J2 :0.360897
J3 :0.075151
J4 :0.016624
J5 :0.065328
Keiser's frame :
-0.251257 -0.708680 0.658935 -0.061585 
-0.002469 -0.680463 -0.732778 -0.000603 
0.967686 -0.186394 0.169827 0.644970 
0.000000 0.000000 0.000000 1.000000 
Luhbot's model torques 
J1: 0.000000
J2: -1.099940
J3: 2.048374
J4: -0.338176
J5: 0.000000

Experiment no. : 45

Robocup-at-work torques :
J1 :0.000129
J2 :0.251474
J3 :-0.031736
J4 :0.050586
J5 :-0.000104
Robocup frame :
[[-0.710911   ,0.702704    ,-0.028511   ;
 -0.702985   ,-0.711205   ,-0.000219   ;
 -0.020431   ,0.019887    ,0.999593    ]
[0.042063    ,0.000139    ,0.534280    ]]
Keiser's Torques :
J1 :0.032124
J2 :0.360136
J3 :0.075734
J4 :0.016195
J5 :0.032330
Keiser's frame :
-0.251257 -0.667906 0.700231 -0.061585 
-0.002469 -0.723165 -0.690671 -0.000603 
0.967686 -0.175879 0.180695 0.644970 
0.000000 0.000000 0.000000 1.000000 
Luhbot's model torques 
J1: 0.000000
J2: -1.092102
J3: 2.056211
J4: -0.330339
J5: 0.000000

Experiment no. : 46

Robocup-at-work torques :
J1 :-0.000270
J2 :0.253876
J3 :-0.029915
J4 :0.051817
J5 :-0.000456
Robocup frame :
[[-0.775075   ,0.631224    ,-0.028541   ;
 -0.631476   ,-0.775395   ,-0.000219   ;
 -0.022269   ,0.017853    ,0.999593    ]
[0.042056    ,0.000138    ,0.534280    ]]
Keiser's Torques :
J1 :-0.062667
J2 :0.358845
J3 :0.076640
J4 :0.015529
J5 :-0.062627
Keiser's frame :
-0.251228 -0.597618 0.761111 -0.061575 
-0.002468 -0.786118 -0.618071 -0.000603 
0.967694 -0.157705 0.196719 0.644972 
0.000000 0.000000 0.000000 1.000000 
Luhbot's model torques 
J1: 0.000000
J2: -1.080130
J3: 2.068184
J4: -0.318382
J5: 0.000000

Experiment no. : 47

Robocup-at-work torques :
J1 :-0.000127
J2 :0.252848
J3 :-0.030232
J4 :0.052075
J5 :-0.000369
Robocup frame :
[[-0.819129   ,0.572897    ,-0.028581   ;
 -0.573126   ,-0.819467   ,-0.000219   ;
 -0.023547   ,0.016201    ,0.999591    ]
[0.042046    ,0.000138    ,0.534280    ]]
Keiser's Torques :
J1 :-0.034548
J2 :0.357093
J3 :0.077900
J4 :0.014736
J5 :-0.034479
Keiser's frame :
-0.251247 -0.540399 0.802743 -0.061581 
-0.002468 -0.829182 -0.558973 -0.000603 
0.967689 -0.142919 0.207733 0.644971 
0.000000 0.000000 0.000000 1.000000 
Luhbot's model torques 
J1: 0.000000
J2: -1.071571
J3: 2.076726
J4: -0.309850
J5: 0.000000

Experiment no. : 48

Robocup-at-work torques :
J1 :-0.000005
J2 :0.254347
J3 :-0.029201
J4 :0.052658
J5 :-0.000260
Robocup frame :
[[-0.841458   ,0.539564    ,-0.028621   ;
 -0.539780   ,-0.841806   ,-0.000219   ;
 -0.024212   ,0.015265    ,0.999590    ]
[0.042034    ,0.000138    ,0.534279    ]]
Keiser's Torques :
J1 :-0.000805
J2 :0.359465
J3 :0.076401
J4 :0.015333
J5 :-0.000692
Keiser's frame :
-0.251228 -0.507753 0.823786 -0.061575 
-0.002471 -0.850945 -0.525249 -0.000603 
0.967694 -0.134460 0.213283 0.644973 
0.000000 0.000000 0.000000 1.000000 
Luhbot's model torques 
J1: 0.000000
J2: -1.067064
J3: 2.081217
J4: -0.305381
J5: 0.000000

Experiment no. : 49

Robocup-at-work torques :
J1 :0.000646
J2 :0.246539
J3 :-0.033445
J4 :0.051231
J5 :-0.000397
Robocup frame :
[[-0.859618   ,0.510132    ,-0.028661   ;
 -0.510336   ,-0.859975   ,-0.000220   ;
 -0.024760   ,0.014438    ,0.999589    ]
[0.042020    ,0.000138    ,0.534279    ]]
Keiser's Torques :
J1 :-0.040192
J2 :0.347422
J3 :0.084240
J4 :0.011426
J5 :-0.042226
Keiser's frame :
-0.251228 -0.478952 0.840858 -0.061579 
-0.002471 -0.868606 -0.495498 -0.000603 
0.967694 -0.127001 0.217807 0.644972 
0.000000 0.000000 0.000000 1.000000 
Luhbot's model torques 
J1: 0.000000
J2: -1.063289
J3: 2.084958
J4: -0.301661
J5: 0.000000

Experiment no. : 50

Robocup-at-work torques :
J1 :-0.000351
J2 :0.242936
J3 :-0.034966
J4 :0.050584
J5 :-0.000163
Robocup frame :
[[-0.865534   ,0.500008    ,-0.029031   ;
 -0.500214   ,-0.865902   ,-0.000216   ;
 -0.025246   ,0.014335    ,0.999578    ]
[0.041921    ,0.000133    ,0.534278    ]]
Keiser's Torques :
J1 :0.022306
J2 :0.343661
J3 :0.086179
J4 :0.010190
J5 :0.024310
Keiser's frame :
-0.250890 -0.469093 0.846498 -0.061460 
-0.002523 -0.874355 -0.485280 -0.000616 
0.967782 -0.124318 0.218960 0.645001 
0.000000 0.000000 0.000000 1.000000 
Luhbot's model torques 
J1: 0.000000
J2: -1.061407
J3: 2.086823
J4: -0.299991
J5: 0.000000

Experiment no. : 51

Robocup-at-work torques :
J1 :-0.000105
J2 :0.290416
J3 :-0.004479
J4 :0.061982
J5 :-0.000327
Robocup frame :
[[-0.869980   ,0.492119    ,-0.030880   ;
 -0.492348   ,-0.870398   ,-0.000210   ;
 -0.026981   ,0.015021    ,0.999523    ]
[0.041416    ,0.000118    ,0.534273    ]]
Keiser's Torques :
J1 :-0.000113
J2 :0.404182
J3 :0.044090
J4 :0.028999
J5 :-0.000705
Keiser's frame :
-0.249220 -0.461598 0.851103 -0.060880 
-0.002666 -0.878708 -0.477353 -0.000649 
0.968216 -0.121656 0.218536 0.645139 
0.000000 0.000000 0.000000 1.000000 
Luhbot's model torques 
J1: 0.000000
J2: -1.057032
J3: 2.091064
J4: -0.296733
J5: 0.000000

Experiment no. : 52

Robocup-at-work torques :
J1 :-0.000410
J2 :0.264822
J3 :-0.018971
J4 :0.056481
J5 :-0.000397
Robocup frame :
[[-0.877074   ,0.479355    ,-0.030970   ;
 -0.479580   ,-0.877498   ,-0.000208   ;
 -0.027276   ,0.014670    ,0.999520    ]
[0.041391    ,0.000117    ,0.534273    ]]
Keiser's Torques :
J1 :-0.032058
J2 :0.368631
J3 :0.067080
J4 :0.017797
J5 :-0.031101
Keiser's frame :
-0.249152 -0.449120 0.857773 -0.060858 
-0.002688 -0.885587 -0.464467 -0.000654 
0.968233 -0.118438 0.220219 0.645145 
0.000000 0.000000 0.000000 1.000000 
Luhbot's model torques 
J1: 0.000000
J2: -1.055384
J3: 2.092695
J4: -0.295149
J5: 0.000000

Experiment no. : 53

Robocup-at-work torques :
J1 :-0.000120
J2 :0.267113
J3 :-0.017536
J4 :0.057164
J5 :-0.000390
Robocup frame :
[[-0.888248   ,0.458320    ,-0.030950   ;
 -0.458535   ,-0.888676   ,-0.000159   ;
 -0.027578   ,0.014051    ,0.999521    ]
[0.041393    ,0.000089    ,0.534273    ]]
Keiser's Torques :
J1 :-0.027306
J2 :0.371746
J3 :0.064979
J4 :0.018935
J5 :-0.027252
Keiser's frame :
-0.249132 -0.428512 0.868259 -0.060852 
-0.003083 -0.896379 -0.443278 -0.000750 
0.968238 -0.113500 0.222783 0.645146 
0.000000 0.000000 0.000000 1.000000 
Luhbot's model torques 
J1: 0.000000
J2: -1.053208
J3: 2.094871
J4: -0.292973
J5: 0.000000

Experiment no. : 54

Robocup-at-work torques :
J1 :0.000079
J2 :0.264698
J3 :-0.019015
J4 :0.056442
J5 :-0.000230
Robocup frame :
[[-0.884772   ,0.464996    ,-0.030950   ;
 -0.465214   ,-0.885198   ,-0.000159   ;
 -0.027471   ,0.014258    ,0.999521    ]
[0.041391    ,0.000089    ,0.534273    ]]
Keiser's Torques :
J1 :0.017134
J2 :0.369757
J3 :0.066475
J4 :0.017806
J5 :0.017269
Keiser's frame :
-0.249094 -0.435042 0.865016 -0.060841 
-0.003080 -0.893016 -0.450014 -0.000750 
0.968248 -0.115155 0.221888 0.645149 
0.000000 0.000000 0.000000 1.000000 
Luhbot's model torques 
J1: 0.000000
J2: -1.053935
J3: 2.094144
J4: -0.293711
J5: 0.000000

Experiment no. : 55

Robocup-at-work torques :
J1 :0.000046
J2 :0.265465
J3 :-0.018594
J4 :0.056535
J5 :-0.000248
Robocup frame :
[[-0.876821   ,0.479820    ,-0.030960   ;
 -0.480045   ,-0.877244   ,-0.000159   ;
 -0.027236   ,0.014723    ,0.999521    ]
[0.041388    ,0.000089    ,0.534273    ]]
Keiser's Torques :
J1 :0.011510
J2 :0.371015
J3 :0.065509
J4 :0.018485
J5 :0.011641
Keiser's frame :
-0.249084 -0.449539 0.857574 -0.060838 
-0.003080 -0.885316 -0.464979 -0.000750 
0.968251 -0.118868 0.219910 0.645150 
0.000000 0.000000 0.000000 1.000000 
Luhbot's model torques 
J1: 0.000000
J2: -1.055592
J3: 2.092487
J4: -0.295372
J5: 0.000000

Experiment no. : 56

Robocup-at-work torques :
J1 :-0.000000
J2 :0.265709
J3 :-0.018434
J4 :0.056563
J5 :-0.000288
Robocup frame :
[[-0.873605   ,0.485648    ,-0.030980   ;
 -0.485877   ,-0.874027   ,-0.000159   ;
 -0.027155   ,0.014914    ,0.999520    ]
[0.041383    ,0.000089    ,0.534273    ]]
Keiser's Torques :
J1 :-0.000000
J2 :0.371053
J3 :0.065440
J4 :0.018517
J5 :0.000110
Keiser's frame :
-0.249065 -0.455243 0.854566 -0.060831 
-0.003079 -0.882200 -0.470865 -0.000749 
0.968256 -0.120321 0.219097 0.645151 
0.000000 0.000000 0.000000 1.000000 
Luhbot's model torques 
J1: 0.000000
J2: -1.056227
J3: 2.091852
J4: -0.296018
J5: 0.000000

Experiment no. : 57

Robocup-at-work torques :
J1 :0.000002
J2 :0.265704
J3 :-0.018436
J4 :0.056566
J5 :-0.000286
Robocup frame :
[[-0.873862   ,0.485185    ,-0.030980   ;
 -0.485414   ,-0.874285   ,-0.000159   ;
 -0.027163   ,0.014899    ,0.999520    ]
[0.041383    ,0.000089    ,0.534273    ]]
Keiser's Torques :
J1 :0.000535
J2 :0.371055
J3 :0.065440
J4 :0.018516
J5 :0.000646
Keiser's frame :
-0.249065 -0.454790 0.854807 -0.060831 
-0.003079 -0.882449 -0.470398 -0.000749 
0.968256 -0.120204 0.219161 0.645151 
0.000000 0.000000 0.000000 1.000000 
Luhbot's model torques 
J1: 0.000000
J2: -1.056174
J3: 2.091905
J4: -0.295965
J5: 0.000000

Experiment no. : 58

Robocup-at-work torques :
J1 :0.000010
J2 :0.265676
J3 :-0.018450
J4 :0.056563
J5 :-0.000280
Robocup frame :
[[-0.874260   ,0.484468    ,-0.030980   ;
 -0.484697   ,-0.874682   ,-0.000159   ;
 -0.027175   ,0.014877    ,0.999520    ]
[0.041383    ,0.000089    ,0.534273    ]]
Keiser's Torques :
J1 :0.002409
J2 :0.371065
J3 :0.065435
J4 :0.018517
J5 :0.002524
Keiser's frame :
-0.249065 -0.454089 0.855180 -0.060831 
-0.003079 -0.882835 -0.469674 -0.000749 
0.968256 -0.120025 0.219259 0.645151 
0.000000 0.000000 0.000000 1.000000 
Luhbot's model torques 
J1: 0.000000
J2: -1.056091
J3: 2.091988
J4: -0.295882
J5: 0.000000

Experiment no. : 59

Robocup-at-work torques :
J1 :-0.000020
J2 :0.265748
J3 :-0.018433
J4 :0.056589
J5 :-0.000306
Robocup frame :
[[-0.875006   ,0.483122    ,-0.030960   ;
 -0.483349   ,-0.875428   ,-0.000159   ;
 -0.027181   ,0.014825    ,0.999521    ]
[0.041388    ,0.000090    ,0.534273    ]]
Keiser's Torques :
J1 :-0.005086
J2 :0.370914
J3 :0.065565
J4 :0.018469
J5 :-0.004986
Keiser's frame :
-0.249084 -0.452770 0.855873 -0.060838 
-0.003077 -0.883557 -0.468313 -0.000749 
0.968251 -0.119694 0.219462 0.645150 
0.000000 0.000000 0.000000 1.000000 
Luhbot's model torques 
J1: 0.000000
J2: -1.055971
J3: 2.092108
J4: -0.295751
J5: 0.000000

Experiment no. : 60

Robocup-at-work torques :
J1 :-0.000188
J2 :0.266570
J3 :-0.017922
J4 :0.056829
J5 :-0.000455
Robocup frame :
[[-0.875599   ,0.482045    ,-0.030960   ;
 -0.482272   ,-0.876022   ,-0.000159   ;
 -0.027199   ,0.014792    ,0.999521    ]
[0.041388    ,0.000090    ,0.534273    ]]
Keiser's Torques :
J1 :-0.047380
J2 :0.370616
J3 :0.065745
J4 :0.018392
J5 :-0.047362
Keiser's frame :
-0.249084 -0.451716 0.856430 -0.060838 
-0.003077 -0.884132 -0.467226 -0.000749 
0.968251 -0.119424 0.219609 0.645150 
0.000000 0.000000 0.000000 1.000000 
Luhbot's model torques 
J1: 0.000000
J2: -1.055846
J3: 2.092232
J4: -0.295627
J5: 0.000000

Experiment no. : 61

Robocup-at-work torques :
J1 :-0.000334
J2 :0.267076
J3 :-0.017671
J4 :0.056859
J5 :-0.000579
Robocup frame :
[[-0.867363   ,0.496712    ,-0.030960   ;
 -0.496946   ,-0.867781   ,-0.000159   ;
 -0.026946   ,0.015247    ,0.999521    ]
[0.041388    ,0.000090    ,0.534273    ]]
Keiser's Torques :
J1 :-0.083520
J2 :0.370390
J3 :0.065856
J4 :0.018381
J5 :-0.083566
Keiser's frame :
-0.249084 -0.466066 0.848706 -0.060838 
-0.003077 -0.876144 -0.482039 -0.000749 
0.968251 -0.123103 0.217568 0.645150 
0.000000 0.000000 0.000000 1.000000 
Luhbot's model torques 
J1: 0.000000
J2: -1.057559
J3: 2.090520
J4: -0.297339
J5: 0.000000

