
Experiment no. : 0

Robocup-at-work torques :
J1 :-0.000226
J2 :-1.170274
J3 :-1.455266
J4 :-1.371760
J5 :0.008497
Robocup frame :
[[-0.213235   ,0.140643    ,0.966825    ;
 -0.536303   ,-0.844014   ,0.004496    ;
 0.816646    ,-0.517552   ,0.255401    ]
[0.172970    ,0.000693    ,0.439520    ]]
Keiser's Torques :
J1 :-0.011992
J2 :-1.057667
J3 :1.494957
J4 :-1.401237
J5 :-0.050490
Keiser's frame :
0.880889 -0.239327 0.401586 0.185900 
0.011325 -0.847808 -0.530182 0.002382 
0.467355 0.473227 -0.746750 0.535864 
0.000000 0.000000 0.000000 1.000000 
Luhbot's model torques 
J1: 0.000000
J2: -2.059403
J3: 1.088407
J4: -1.297867
J5: 0.000000

Experiment no. : 1

Robocup-at-work torques :
J1 :-0.000433
J2 :-1.170839
J3 :-1.455726
J4 :-1.372073
J5 :0.008349
Robocup frame :
[[-0.213666   ,0.140217    ,0.966792    ;
 -0.534352   ,-0.845250   ,0.004495    ;
 0.817811    ,-0.515647   ,0.255526    ]
[0.172965    ,0.000693    ,0.439536    ]]
Keiser's Torques :
J1 :-0.023995
J2 :-1.059966
J3 :1.497089
J4 :-1.403122
J5 :-0.097144
Keiser's frame :
0.880828 -0.238460 0.402235 0.185886 
0.011324 -0.849031 -0.528221 0.002381 
0.467470 0.471469 -0.747790 0.535889 
0.000000 0.000000 0.000000 1.000000 
Luhbot's model torques 
J1: 0.000000
J2: -2.059439
J3: 1.088371
J4: -1.297904
J5: 0.000000

Experiment no. : 2

Robocup-at-work torques :
J1 :0.000002
J2 :-1.173607
J3 :-1.458044
J4 :-1.373755
J5 :0.008471
Robocup frame :
[[-0.208269   ,0.148781    ,0.966689    ;
 -0.567381   ,-0.823443   ,0.004495    ;
 0.796682    ,-0.547545   ,0.255913    ]
[0.172951    ,0.000693    ,0.439586    ]]
Keiser's Torques :
J1 :0.000725
J2 :-1.063899
J3 :1.500783
J4 :-1.406455
J5 :-0.001099
Keiser's frame :
0.880642 -0.254389 0.392776 0.185846 
0.011321 -0.827467 -0.561400 0.002381 
0.467823 0.500583 -0.728394 0.535966 
0.000000 0.000000 0.000000 1.000000 
Luhbot's model torques 
J1: 0.000000
J2: -2.058918
J3: 1.088893
J4: -1.297382
J5: 0.000000

Experiment no. : 3

Robocup-at-work torques :
J1 :0.000353
J2 :-1.167957
J3 :-1.453288
J4 :-1.370256
J5 :0.008248
Robocup frame :
[[-0.197308   ,0.164415    ,0.966456    ;
 -0.627077   ,-0.778944   ,0.004494    ;
 0.753554    ,-0.605156   ,0.256793    ]
[0.172919    ,0.000692    ,0.439700    ]]
Keiser's Torques :
J1 :0.019553
J2 :-1.050054
J3 :1.487836
J4 :-1.394850
J5 :0.071972
Keiser's frame :
0.880217 -0.283411 0.373387 0.185753 
0.011316 -0.783412 -0.621400 0.002380 
0.468627 0.553123 -0.688799 0.536141 
0.000000 0.000000 0.000000 1.000000 
Luhbot's model torques 
J1: 0.000000
J2: -2.057900
J3: 1.089910
J4: -1.296364
J5: 0.000000

Experiment no. : 4

Robocup-at-work torques :
J1 :0.000153
J2 :-1.172113
J3 :-1.456691
J4 :-1.372603
J5 :0.007821
Robocup frame :
[[-0.191636   ,0.173002    ,0.966098    ;
 -0.657519   ,-0.753425   ,0.004492    ;
 0.728660    ,-0.634367   ,0.258136    ]
[0.172870    ,0.000692    ,0.439874    ]]
Keiser's Torques :
J1 :0.006398
J2 :-1.060665
J3 :1.497707
J4 :-1.403617
J5 :0.019985
Keiser's frame :
0.879567 -0.298820 0.362764 0.185611 
0.011308 -0.758129 -0.652007 0.002378 
0.469855 0.579610 -0.665799 0.536409 
0.000000 0.000000 0.000000 1.000000 
Luhbot's model torques 
J1: 0.000000
J2: -2.057388
J3: 1.090422
J4: -1.295852
J5: 0.000000

Experiment no. : 5

Robocup-at-work torques :
J1 :0.000472
J2 :-1.191482
J3 :-1.472817
J4 :-1.384201
J5 :0.007975
Robocup frame :
[[-0.191998   ,0.173970    ,0.965853    ;
 -0.658952   ,-0.752171   ,0.004491    ;
 0.727268    ,-0.635588   ,0.259053    ]
[0.172836    ,0.000692    ,0.439993    ]]
Keiser's Torques :
J1 :0.013672
J2 :-1.102786
J3 :1.537024
J4 :-1.438783
J5 :0.047563
Keiser's frame :
0.879122 -0.300060 0.362827 0.185513 
0.011302 -0.756895 -0.653438 0.002377 
0.470693 0.580580 -0.664360 0.536592 
0.000000 0.000000 0.000000 1.000000 
Luhbot's model torques 
J1: 0.000000
J2: -2.057413
J3: 1.090397
J4: -1.295877
J5: 0.000000

Experiment no. : 6

Robocup-at-work torques :
J1 :0.000304
J2 :-1.234242
J3 :-1.507579
J4 :-1.408182
J5 :0.007940
Robocup frame :
[[-0.201703   ,0.173723    ,0.963917    ;
 -0.640208   ,-0.768189   ,0.004482    ;
 0.741249    ,-0.616203   ,0.266165    ]
[0.172570    ,0.000691    ,0.440913    ]]
Keiser's Torques :
J1 :-0.012215
J2 :-1.200209
J3 :1.627178
J4 :-1.518614
J5 :-0.053218
Keiser's frame :
0.875642 -0.295160 0.375115 0.184752 
0.011257 -0.772850 -0.634489 0.002367 
0.477183 0.561769 -0.675805 0.538007 
0.000000 0.000000 0.000000 1.000000 
Luhbot's model torques 
J1: 0.000000
J2: -2.058125
J3: 1.089685
J4: -1.296589
J5: 0.000000

Experiment no. : 7

Robocup-at-work torques :
J1 :0.000751
J2 :-1.256238
J3 :-1.519650
J4 :-1.409681
J5 :0.008093
Robocup frame :
[[-0.228926   ,0.189015    ,0.954917    ;
 -0.625601   ,-0.780131   ,0.004440    ;
 0.745799    ,-0.596380   ,0.296840    ]
[0.171339    ,0.000685    ,0.444883    ]]
Keiser's Torques :
J1 :-0.013499
J2 :-1.252039
J3 :1.669448
J4 :-1.550578
J5 :-0.051504
Keiser's frame :
0.859996 -0.305365 0.402404 0.181329 
0.011056 -0.784994 -0.619405 0.002323 
0.505030 0.539015 -0.674098 0.544077 
0.000000 0.000000 0.000000 1.000000 
Luhbot's model torques 
J1: 0.000000
J2: -2.058979
J3: 1.088832
J4: -1.297443
J5: 0.000000

Experiment no. : 8

Robocup-at-work torques :
J1 :0.000229
J2 :-1.165961
J3 :-1.431133
J4 :-1.329409
J5 :0.007377
Robocup frame :
[[-0.282621   ,0.237286    ,0.929420    ;
 -0.634628   ,-0.772806   ,0.004322    ;
 0.719286    ,-0.588614   ,0.368999    ]
[0.167880    ,0.000669    ,0.454213    ]]
Keiser's Torques :
J1 :-0.038558
J2 :-1.081397
J3 :1.498480
J4 :-1.385991
J5 :-0.099864
Keiser's frame :
0.818994 -0.350749 0.448866 0.172359 
0.010529 -0.778474 -0.627588 0.002208 
0.569557 0.520531 -0.636123 0.558144 
0.000000 0.000000 0.000000 1.000000 
Luhbot's model torques 
J1: 0.000000
J2: -2.054861
J3: 1.092950
J4: -1.293325
J5: 0.000000

Experiment no. : 9

Robocup-at-work torques :
J1 :-0.000994
J2 :-0.990854
J3 :-1.283640
J4 :-1.212869
J5 :0.006351
Robocup frame :
[[-0.337783   ,0.322525    ,0.884240    ;
 -0.684926   ,-0.728601   ,0.004112    ;
 0.645584    ,-0.604250   ,0.467015    ]
[0.161806    ,0.000641    ,0.466864    ]]
Keiser's Torques :
J1 :-0.048513
J2 :-0.807591
J3 :1.250852
J4 :-1.168467
J5 :-0.082651
Keiser's frame :
0.753076 -0.438059 0.486795 0.157937 
0.009681 -0.735782 -0.677149 0.002023 
0.654806 0.516458 -0.551815 0.576728 
0.000000 0.000000 0.000000 1.000000 
Luhbot's model torques 
J1: 0.000000
J2: -2.036883
J3: 1.110910
J4: -1.275375
J5: 0.000000

Experiment no. : 10

Robocup-at-work torques :
J1 :-0.000616
J2 :-0.978717
J3 :-1.263807
J4 :-1.181803
J5 :0.005456
Robocup frame :
[[-0.343915   ,0.418034    ,0.840815    ;
 -0.768368   ,-0.639997   ,0.003910    ;
 0.539753    ,-0.644711   ,0.541308    ]
[0.155995    ,0.000614    ,0.476435    ]]
Keiser's Torques :
J1 :-0.047202
J2 :-0.856094
J3 :1.292804
J4 :-1.200078
J5 :-0.069904
Keiser's frame :
0.694249 -0.541720 0.470260 0.145062 
0.008925 -0.648946 -0.760782 0.001858 
0.717305 0.534236 -0.447287 0.590352 
0.000000 0.000000 0.000000 1.000000 
Luhbot's model torques 
J1: 0.000000
J2: -2.014777
J3: 1.132949
J4: -1.253379
J5: 0.000000

Experiment no. : 11

Robocup-at-work torques :
J1 :-0.000319
J2 :-0.958173
J3 :-1.233849
J4 :-1.142223
J5 :0.004085
Robocup frame :
[[-0.296355   ,0.516399    ,0.803433    ;
 -0.864797   ,-0.502108   ,0.003736    ;
 0.405340    ,-0.693700   ,0.595383    ]
[0.151028    ,0.000591    ,0.483390    ]]
Keiser's Torques :
J1 :-0.053258
J2 :-0.861338
J3 :1.288726
J4 :-1.186393
J5 :-0.072460
Keiser's frame :
0.645790 -0.650989 0.395242 0.134460 
0.008302 -0.512908 -0.858404 0.001723 
0.761534 0.559589 -0.326996 0.599994 
0.000000 0.000000 0.000000 1.000000 
Luhbot's model torques 
J1: 0.000000
J2: -1.996646
J3: 1.151081
J4: -1.235247
J5: 0.000000

Experiment no. : 12

Robocup-at-work torques :
J1 :-0.000403
J2 :-0.891663
J3 :-1.170081
J4 :-1.080987
J5 :0.002332
Robocup frame :
[[-0.198520   ,0.616209    ,0.762152    ;
 -0.950531   ,-0.310610   ,0.003544    ;
 0.238916    ,-0.723746   ,0.647388    ]
[0.145553    ,0.000565    ,0.490068    ]]
Keiser's Torques :
J1 :-0.054944
J2 :-0.787870
J3 :1.218339
J4 :-1.118925
J5 :-0.064895
Keiser's frame :
0.594028 -0.758303 0.263836 0.123135 
0.007637 -0.323237 -0.946287 0.001577 
0.802854 0.566123 -0.186900 0.609002 
0.000000 0.000000 0.000000 1.000000 
Luhbot's model torques 
J1: 0.000000
J2: -1.978526
J3: 1.169184
J4: -1.217154
J5: 0.000000

Experiment no. : 13

Robocup-at-work torques :
J1 :0.000523
J2 :-0.823512
J3 :-1.102049
J4 :-1.013731
J5 :0.000677
Robocup frame :
[[-0.041839   ,0.696969    ,0.715880    ;
 -0.997987   ,-0.063328   ,0.003329    ;
 0.047655    ,-0.714299   ,0.698216    ]
[0.139425    ,0.000537    ,0.496584    ]]
Keiser's Torques :
J1 :0.015637
J2 :-0.712777
J3 :1.143863
J4 :-1.045734
J5 :0.043536
Keiser's frame :
0.537771 -0.839056 0.068839 0.110833 
0.006914 -0.077349 -0.996980 0.001420 
0.841847 0.538518 -0.035942 0.617504 
0.000000 0.000000 0.000000 1.000000 
Luhbot's model torques 
J1: 0.000000
J2: -1.960801
J3: 1.186891
J4: -1.199484
J5: 0.000000

Experiment no. : 14

Robocup-at-work torques :
J1 :0.001001
J2 :-0.764053
J3 :-1.037195
J4 :-0.944709
J5 :-0.001057
Robocup frame :
[[0.143149    ,0.732379    ,0.665680    ;
 -0.981950   ,0.189116    ,0.003095    ;
 -0.123624   ,-0.654107   ,0.746231    ]
[0.132773    ,0.000506    ,0.502725    ]]
Keiser's Torques :
J1 :0.040327
J2 :-0.657427
J3 :1.082576
J4 :-0.979384
J5 :0.069443
Keiser's frame :
0.478324 -0.864290 -0.150287 0.097812 
0.006149 0.174626 -0.984616 0.001253 
0.877237 0.471709 0.089138 0.625217 
0.000000 0.000000 0.000000 1.000000 
Luhbot's model torques 
J1: 0.000000
J2: -1.941252
J3: 1.206306
J4: -1.180138
J5: 0.000000

Experiment no. : 15

Robocup-at-work torques :
J1 :0.000684
J2 :-0.655719
J3 :-0.943808
J4 :-0.863002
J5 :-0.002217
Robocup frame :
[[0.307256    ,0.728074    ,0.612782    ;
 -0.922172   ,0.386769    ,0.002849    ;
 -0.234931   ,-0.565966   ,0.790247    ]
[0.125548    ,0.000472    ,0.508333    ]]
Keiser's Torques :
J1 :0.049851
J2 :-0.539311
J3 :0.980441
J4 :-0.890839
J5 :0.073071
Keiser's frame :
0.417282 -0.843534 -0.336253 0.084240 
0.005365 0.372580 -0.927984 0.001079 
0.908067 0.386826 0.160558 0.631908 
0.000000 0.000000 0.000000 1.000000 
Luhbot's model torques 
J1: 0.000000
J2: -1.914165
J3: 1.231982
J4: -1.154975
J5: 0.000000

Experiment no. : 16

Robocup-at-work torques :
J1 :0.000626
J2 :-0.576611
J3 :-0.866075
J4 :-0.785118
J5 :-0.002842
Robocup frame :
[[0.438287    ,0.705979    ,0.556325    ;
 -0.850500   ,0.525969    ,0.002587    ;
 -0.290784   ,-0.474288   ,0.830961    ]
[0.117857    ,0.000436    ,0.513506    ]]
Keiser's Torques :
J1 :0.052262
J2 :-0.466973
J3 :0.909587
J4 :-0.819550
J5 :0.068101
Keiser's frame :
0.353682 -0.803638 -0.477652 0.070117 
0.004548 0.512406 -0.858731 0.000898 
0.934861 0.302665 0.185552 0.637720 
0.000000 0.000000 0.000000 1.000000 
Luhbot's model torques 
J1: 0.000000
J2: -1.878810
J3: 1.265923
J4: -1.121580
J5: 0.000000

Experiment no. : 17

Robocup-at-work torques :
J1 :0.000428
J2 :-0.475365
J3 :-0.772031
J4 :-0.697186
J5 :-0.003012
Robocup frame :
[[0.535912    ,0.682178    ,0.497425    ;
 -0.787182   ,0.616716    ,0.002313    ;
 -0.305192   ,-0.392804   ,0.867504    ]
[0.109925    ,0.000400    ,0.518132    ]]
Keiser's Torques :
J1 :0.050151
J2 :-0.359303
J3 :0.809008
J4 :-0.725677
J5 :0.059865
Keiser's frame :
0.288449 -0.763650 -0.577071 0.055668 
0.003709 0.603784 -0.797139 0.000713 
0.957162 0.228655 0.177646 0.642558 
0.000000 0.000000 0.000000 1.000000 
Luhbot's model torques 
J1: 0.000000
J2: -1.836113
J3: 1.307507
J4: -1.080384
J5: 0.000000

Experiment no. : 18

Robocup-at-work torques :
J1 :0.000401
J2 :-0.389004
J3 :-0.685049
J4 :-0.609733
J5 :-0.002851
Robocup frame :
[[0.600972    ,0.669948    ,0.435892    ;
 -0.745041   ,0.667015    ,0.002027    ;
 -0.289389   ,-0.325975   ,0.899997    ]
[0.101851    ,0.000362    ,0.522233    ]]
Keiser's Torques :
J1 :0.053547
J2 :-0.274172
J3 :0.723054
J4 :-0.638910
J5 :0.059282
Keiser's frame :
0.221498 -0.737569 -0.637622 0.041017 
0.002848 0.654479 -0.756075 0.000525 
0.974968 0.166280 0.147610 0.646439 
0.000000 0.000000 0.000000 1.000000 
Luhbot's model torques 
J1: 0.000000
J2: -1.786719
J3: 1.356868
J4: -1.031049
J5: 0.000000

Experiment no. : 19

Robocup-at-work torques :
J1 :-0.000279
J2 :-0.308222
J3 :-0.600824
J4 :-0.522703
J5 :-0.002948
Robocup frame :
[[0.636123    ,0.675230    ,0.373380    ;
 -0.728348   ,0.685205    ,0.001736    ;
 -0.254669   ,-0.273055   ,0.927677    ]
[0.093672    ,0.000324    ,0.525707    ]]
Keiser's Torques :
J1 :-0.063681
J2 :-0.195432
J3 :0.640696
J4 :-0.553468
J5 :-0.070410
Keiser's frame :
0.154618 -0.731131 -0.664350 0.026385 
0.001988 0.672728 -0.739887 0.000338 
0.987882 0.113508 0.105859 0.649255 
0.000000 0.000000 0.000000 1.000000 
Luhbot's model torques 
J1: 0.000000
J2: -1.730884
J3: 1.412720
J4: -0.975192
J5: 0.000000

Experiment no. : 20

Robocup-at-work torques :
J1 :-0.000345
J2 :-0.211044
J3 :-0.505309
J4 :-0.428695
J5 :-0.002569
Robocup frame :
[[0.675663    ,0.669713    ,0.308162    ;
 -0.704302   ,0.709899    ,0.001433    ;
 -0.217805   ,-0.218007   ,0.951333    ]
[0.085142    ,0.000284    ,0.528652    ]]
Keiser's Torques :
J1 :-0.070952
J2 :-0.095799
J3 :0.542868
J4 :-0.457218
J5 :-0.074560
Keiser's frame :
0.086073 -0.713804 -0.694996 0.011390 
0.001107 0.697673 -0.716416 0.000146 
0.996260 0.061126 0.061065 0.651082 
0.000000 0.000000 0.000000 1.000000 
Luhbot's model torques 
J1: 0.000000
J2: -1.670141
J3: 1.473463
J4: -0.914464
J5: 0.000000

Experiment no. : 21

Robocup-at-work torques :
J1 :-0.000157
J2 :-0.118510
J3 :-0.412241
J4 :-0.335361
J5 :-0.002142
Robocup frame :
[[0.741310    ,0.625844    ,0.242441    ;
 -0.645305   ,0.763925    ,0.001127    ;
 -0.184501   ,-0.157284   ,0.970165    ]
[0.076550    ,0.000244    ,0.530969    ]]
Keiser's Torques :
J1 :-0.050958
J2 :-0.004666
J3 :0.451409
J4 :-0.365879
J5 :-0.051317
Keiser's frame :
0.018259 -0.658350 -0.752488 -0.003432 
0.000235 0.752618 -0.658458 -0.000044 
0.999832 0.011891 0.013948 0.651864 
0.000000 0.000000 0.000000 1.000000 
Luhbot's model torques 
J1: 0.000000
J2: -1.608900
J3: 1.534721
J4: -0.853254
J5: 0.000000

Experiment no. : 22

Robocup-at-work torques :
J1 :-0.000074
J2 :-0.074479
J3 :-0.359294
J4 :-0.275424
J5 :-0.002001
Robocup frame :
[[0.797766    ,0.569604    ,0.197789    ;
 -0.581235   ,0.813735    ,0.000920    ;
 -0.160424   ,-0.115696   ,0.980244    ]
[0.070720    ,0.000217    ,0.532190    ]]
Keiser's Torques :
J1 :-0.076570
J2 :0.034959
J3 :0.402063
J4 :-0.307438
J5 :-0.076234
Keiser's frame :
-0.027222 -0.595082 -0.803200 -0.013374 
-0.000350 0.803506 -0.595297 -0.000171 
0.999627 -0.015985 -0.022164 0.651821 
0.000000 0.000000 0.000000 1.000000 
Luhbot's model torques 
J1: 0.000000
J2: -1.566969
J3: 1.576669
J4: -0.811332
J5: 0.000000

Experiment no. : 23

Robocup-at-work torques :
J1 :-0.000062
J2 :0.128960
J3 :-0.178483
J4 :-0.115043
J5 :-0.000792
Robocup frame :
[[0.922995    ,0.373011    ,0.094572    ;
 -0.374729   ,0.927134    ,0.000439    ;
 -0.087517   ,-0.035844   ,0.995518    ]
[0.057182    ,0.000154    ,0.533972    ]]
Keiser's Torques :
J1 :0.026187
J2 :0.253908
J3 :0.207616
J4 :-0.137984
J5 :0.027639
Keiser's frame :
-0.129575 -0.387644 -0.912588 -0.035688 
-0.001667 0.920490 -0.390763 -0.000458 
0.991505 -0.049301 -0.120365 0.650067 
0.000000 0.000000 0.000000 1.000000 
Luhbot's model torques 
J1: 0.000000
J2: -1.463648
J3: 1.679973
J4: -0.708367
J5: 0.000000

Experiment no. : 24

Robocup-at-work torques :
J1 :0.000317
J2 :0.215701
J3 :-0.081967
J4 :-0.016360
J5 :0.000030
Robocup frame :
[[0.978753    ,0.203740    ,0.023092    ;
 -0.203797   ,0.979013    ,0.000107    ;
 -0.022585   ,-0.004811   ,0.999733    ]
[0.047617    ,0.000110    ,0.534383    ]]
Keiser's Torques :
J1 :0.075330
J2 :0.333037
J3 :0.117003
J4 :-0.043067
J5 :0.075598
Keiser's frame :
-0.196057 -0.216809 -0.956173 -0.049971 
-0.002523 0.975352 -0.220638 -0.000641 
0.980442 -0.041007 -0.192487 0.647709 
0.000000 0.000000 0.000000 1.000000 
Luhbot's model torques 
J1: 0.000000
J2: -1.383094
J3: 1.760543
J4: -0.628817
J5: -0.000525

Experiment no. : 25

Robocup-at-work torques :
J1 :0.000115
J2 :0.313291
J3 :0.015788
J4 :0.081852
J5 :0.000595
Robocup frame :
[[0.996433    ,0.071085    ,-0.045470   ;
 -0.071168   ,0.997464    ,-0.000211   ;
 0.045339    ,0.003446    ,0.998966    ]
[0.038716    ,0.000068    ,0.534146    ]]
Keiser's Torques :
J1 :0.032687
J2 :0.429800
J3 :0.020274
J4 :0.053945
J5 :0.032209
Keiser's frame :
-0.262641 -0.085911 -0.960792 -0.064545 
-0.003380 0.996102 -0.088141 -0.000828 
0.964620 -0.019989 -0.262887 0.644258 
0.000000 0.000000 0.000000 1.000000 
Luhbot's model torques 
J1: 0.000000
J2: -1.300188
J3: 1.843466
J4: -0.545859
J5: -0.007489

Experiment no. : 26

Robocup-at-work torques :
J1 :-0.000140
J2 :0.407843
J3 :0.111006
J4 :0.177763
J5 :0.001053
Robocup frame :
[[0.993370    ,-0.021496   ,-0.112933   ;
 0.021575    ,0.999767    ,-0.000524   ;
 0.112918    ,-0.001916   ,0.993602    ]
[0.029961    ,0.000028    ,0.533314    ]]
Keiser's Torques :
J1 :-0.039587
J2 :0.525144
J3 :-0.075151
J4 :0.149480
J5 :-0.040779
Keiser's frame :
-0.327093 0.003181 -0.944562 -0.078652 
-0.004209 0.999979 0.004831 -0.001008 
0.944558 0.005562 -0.328297 0.639884 
0.000000 0.000000 0.000000 1.000000 
Luhbot's model torques 
J1: 0.000000
J2: -1.214375
J3: 1.929280
J4: -0.460029
J5: -0.009842

Experiment no. : 27

Robocup-at-work torques :
J1 :0.000014
J2 :0.502695
J3 :0.206626
J4 :0.274044
J5 :0.001881
Robocup frame :
[[0.974833    ,-0.131022   ,-0.180371   ;
 0.133054    ,0.991108    ,-0.000837   ;
 0.178877    ,-0.023183   ,0.983598    ]
[0.021221    ,-0.000013   ,0.531879    ]]
Keiser's Torques :
J1 :-0.000598
J2 :0.618206
J3 :-0.169421
J4 :0.244986
J5 :-0.002853
Keiser's frame :
-0.390502 0.105496 -0.913912 -0.092529 
-0.005025 0.993143 0.116797 -0.001186 
0.919967 0.050373 -0.388746 0.634523 
0.000000 0.000000 0.000000 1.000000 
Luhbot's model torques 
J1: 0.000000
J2: -1.123205
J3: 2.020466
J4: -0.368823
J5: 0.000000

Experiment no. : 28

Robocup-at-work torques :
J1 :-0.000054
J2 :0.605748
J3 :0.306396
J4 :0.371007
J5 :0.002556
Robocup frame :
[[0.937797    ,-0.244374   ,-0.246612   ;
 0.251880    ,0.967758    ,-0.001144   ;
 0.238941    ,-0.061044   ,0.969114    ]
[0.012641    ,-0.000053   ,0.529863    ]]
Keiser's Torques :
J1 :0.006764
J2 :0.724839
J3 :-0.272780
J4 :0.345454
J5 :0.003571
Keiser's frame :
-0.451712 0.208155 -0.866659 -0.105919 
-0.005813 0.971636 0.236410 -0.001358 
0.891287 0.112227 -0.439331 0.628271 
0.000000 0.000000 0.000000 1.000000 
Luhbot's model torques 
J1: 0.000000
J2: -1.027891
J3: 2.115798
J4: -0.273486
J5: -0.009254

Experiment no. : 29

Robocup-at-work torques :
J1 :-0.000097
J2 :0.702206
J3 :0.401768
J4 :0.465556
J5 :0.003098
Robocup frame :
[[0.883320    ,-0.349567   ,-0.312328   ;
 0.367532    ,0.930010    ,-0.001449   ;
 0.290974    ,-0.113510   ,0.949973    ]
[0.004139    ,-0.000092   ,0.527243    ]]
Keiser's Torques :
J1 :0.003778
J2 :0.822315
J3 :-0.369111
J4 :0.440830
J5 :-0.000572
Keiser's frame :
-0.511425 0.299891 -0.804082 -0.118988 
-0.006581 0.935553 0.353126 -0.001526 
0.858161 0.186565 -0.478282 0.621049 
0.000000 0.000000 0.000000 1.000000 
Luhbot's model torques 
J1: 0.000000
J2: -0.927960
J3: 2.215728
J4: -0.173545
J5: -0.005224

Experiment no. : 30

Robocup-at-work torques :
J1 :-0.000020
J2 :0.785482
J3 :0.487808
J4 :0.554079
J5 :0.003513
Robocup frame :
[[0.814652    ,-0.441829   ,-0.375672   ;
 0.476127    ,0.879375    ,-0.001743   ;
 0.331126    ,-0.177448   ,0.926751    ]
[-0.004041   ,-0.000130   ,0.524098    ]]
Keiser's Torques :
J1 :0.005467
J2 :0.901837
J3 :-0.451557
J4 :0.526012
J5 :0.000033
Keiser's frame :
-0.568004 0.376689 -0.730108 -0.131376 
-0.007309 0.886329 0.462997 -0.001684 
0.821523 0.269305 -0.502569 0.613060 
0.000000 0.000000 0.000000 1.000000 
Luhbot's model torques 
J1: 0.000000
J2: -0.826467
J3: 2.317221
J4: -0.072021
J5: 0.001050

Experiment no. : 31

Robocup-at-work torques :
J1 :-0.000119
J2 :0.879805
J3 :0.579712
J4 :0.644150
J5 :0.003799
Robocup frame :
[[0.733954    ,-0.519355   ,-0.437701   ;
 0.576817    ,0.816871    ,-0.002031   ;
 0.358600    ,-0.250983   ,0.899118    ]
[-0.012036   ,-0.000167   ,0.520381    ]]
Keiser's Torques :
J1 :0.002016
J2 :1.000312
J3 :-0.547614
J4 :0.620351
J5 :-0.005073
Keiser's frame :
-0.622362 0.437177 -0.647023 -0.143278 
-0.008009 0.824959 0.565136 -0.001837 
0.780832 0.358216 -0.511842 0.604188 
0.000000 0.000000 0.000000 1.000000 
Luhbot's model torques 
J1: 0.000000
J2: -0.722308
J3: 2.421397
J4: -0.007191
J5: 0.009342

Experiment no. : 32

Robocup-at-work torques :
J1 :-0.000163
J2 :0.970161
J3 :0.668195
J4 :0.731262
J5 :0.003941
Robocup frame :
[[0.641902    ,-0.582882   ,-0.498207   ;
 0.671267    ,0.741212    ,-0.002312   ;
 0.370624    ,-0.332946   ,0.867055    ]
[-0.019831   ,-0.000203   ,0.516092    ]]
Keiser's Torques :
J1 :0.004969
J2 :1.093347
J3 :-0.638747
J4 :0.710013
J5 :-0.003267
Keiser's frame :
-0.674210 0.482383 -0.556184 -0.154630 
-0.008676 0.750172 0.661186 -0.001982 
0.736178 0.452271 -0.503480 0.594452 
0.000000 0.000000 0.000000 1.000000 
Luhbot's model torques 
J1: 0.000000
J2: -0.615595
J3: 2.528111
J4: 0.060156
J5: 0.000000

Experiment no. : 33

Robocup-at-work torques :
J1 :-0.000087
J2 :1.045941
J3 :0.745951
J4 :0.810819
J5 :0.003897
Robocup frame :
[[0.544505    ,-0.628163   ,-0.555811   ;
 0.754499    ,0.656297    ,-0.002579   ;
 0.366397    ,-0.417955   ,0.831304    ]
[-0.027241   ,-0.000238   ,0.511329    ]]
Keiser's Torques :
J1 :0.008997
J2 :1.165264
J3 :-0.712622
J4 :0.785579
J5 :0.000134
Keiser's frame :
-0.722394 0.509286 -0.463534 -0.165174 
-0.009296 0.665808 0.746066 -0.002118 
0.688585 0.545278 -0.478040 0.584077 
0.000000 0.000000 0.000000 1.000000 
Luhbot's model torques 
J1: 0.000000
J2: -0.509496
J3: 2.634226
J4: 0.166293
J5: 0.000000

Experiment no. : 34

Robocup-at-work torques :
J1 :-0.000088
J2 :1.122743
J3 :0.823787
J4 :0.889360
J5 :0.003651
Robocup frame :
[[0.442346    ,-0.656097   ,-0.611447   ;
 0.827922    ,0.560836    ,-0.002837   ;
 0.344783    ,-0.504975   ,0.791281    ]
[-0.034386   ,-0.000271   ,0.506015    ]]
Keiser's Torques :
J1 :0.005635
J2 :1.243899
J3 :-0.792604
J4 :0.866765
J5 :-0.005333
Keiser's frame :
-0.767723 0.518999 -0.369901 -0.175094 
-0.009880 0.570597 0.821171 -0.002245 
0.637251 0.636443 -0.434570 0.572885 
0.000000 0.000000 0.000000 1.000000 
Luhbot's model torques 
J1: 0.000000
J2: -0.402563
J3: 2.741176
J4: 0.273263
J5: 0.000000

Experiment no. : 35

Robocup-at-work torques :
J1 :-0.000180
J2 :1.204199
J3 :0.902084
J4 :0.965251
J5 :0.003253
Robocup frame :
[[0.340844    ,-0.665395   ,-0.664135   ;
 0.888771    ,0.458342    ,-0.003081   ;
 0.306451    ,-0.589213   ,0.747606    ]
[-0.041146   ,-0.000302   ,0.500232    ]]
Keiser's Torques :
J1 :0.007043
J2 :1.330191
J3 :-0.875535
J4 :0.947006
J5 :-0.005159
Keiser's frame :
-0.809368 0.511275 -0.280383 -0.184209 
-0.010415 0.468041 0.883646 -0.002362 
0.583016 0.720788 -0.374908 0.561062 
0.000000 0.000000 0.000000 1.000000 
Luhbot's model torques 
J1: 0.000000
J2: -0.297230
J3: 2.846509
J4: 0.378607
J5: 0.000000

Experiment no. : 36

Robocup-at-work torques :
J1 :-0.000195
J2 :1.275384
J3 :0.972507
J4 :1.035180
J5 :0.002672
Robocup frame :
[[0.242133    ,-0.657328   ,-0.713646   ;
 0.937185    ,0.348816    ,-0.003311   ;
 0.251108    ,-0.668017   ,0.700498    ]
[-0.047484   ,-0.000332   ,0.494008    ]]
Keiser's Torques :
J1 :0.008775
J2 :1.404279
J3 :-0.948856
J4 :1.019833
J5 :-0.004132
Keiser's frame :
-0.847179 0.487911 -0.197116 -0.192487 
-0.010902 0.358171 0.933592 -0.002468 
0.526111 0.796025 -0.299250 0.548656 
0.000000 0.000000 0.000000 1.000000 
Luhbot's model torques 
J1: 0.000000
J2: -0.194213
J3: 2.949526
J4: 0.481639
J5: 0.000000

Experiment no. : 37

Robocup-at-work torques :
J1 :-0.000148
J2 :1.336202
J3 :1.034825
J4 :1.098768
J5 :0.001911
Robocup frame :
[[0.149094    ,-0.632213   ,-0.760314   ;
 0.972339    ,0.233548    ,-0.003528   ;
 0.179800    ,-0.738757   ,0.649546    ]
[-0.053445   ,-0.000359   ,0.487291    ]]
Keiser's Torques :
J1 :0.009166
J2 :1.464093
J3 :-1.010235
J4 :1.082549
J5 :-0.004649
Keiser's frame :
-0.881376 0.449787 -0.122676 -0.199974 
-0.011342 0.242290 0.970138 -0.002564 
0.466079 0.859644 -0.209245 0.535568 
0.000000 0.000000 0.000000 1.000000 
Luhbot's model torques 
J1: 0.000000
J2: -0.093403
J3: 3.050336
J4: 0.582465
J5: 0.000000

Experiment no. : 38

Robocup-at-work torques :
J1 :-0.000199
J2 :1.398567
J3 :1.095727
J4 :1.158679
J5 :0.001015
Robocup frame :
[[0.066554    ,-0.592703   ,-0.802666   ;
 0.993176    ,0.116566    ,-0.003724   ;
 0.095771    ,-0.796941   ,0.596417    ]
[-0.058838   ,-0.000384   ,0.480299    ]]
Keiser's Torques :
J1 :0.008842
J2 :1.531250
J3 :-1.075861
J4 :1.147136
J5 :-0.006424
Keiser's frame :
-0.910910 0.400376 -0.061037 -0.206443 
-0.011722 0.124484 0.992152 -0.002647 
0.404832 0.907856 -0.109125 0.522215 
0.000000 0.000000 0.000000 1.000000 
Luhbot's model torques 
J1: 0.000000
J2: 0.000000
J3: 3.145413
J4: 0.677567
J5: 0.000000

Experiment no. : 39

Robocup-at-work torques :
J1 :-0.000196
J2 :1.435134
J3 :1.131949
J4 :1.194692
J5 :0.000343
Robocup frame :
[[0.017400    ,-0.558471   ,-0.829341   ;
 0.999313    ,0.036849    ,-0.003848   ;
 0.032709    ,-0.828705   ,0.558729    ]
[-0.062225   ,-0.000400   ,0.475347    ]]
Keiser's Torques :
J1 :0.008908
J2 :1.567848
J3 :-1.111990
J4 :1.182700
J5 :-0.007191
Keiser's frame :
-0.928584 0.361299 -0.027100 -0.210315 
-0.011950 0.044101 0.998956 -0.002696 
0.362117 0.931406 -0.036788 0.512902 
0.000000 0.000000 0.000000 1.000000 
Luhbot's model torques 
J1: 0.000000
J2: -0.001166
J3: 3.207167
J4: 0.739342
J5: 0.000000

Experiment no. : 40

Robocup-at-work torques :
J1 :-0.000517
J2 :1.559630
J3 :1.240704
J4 :1.292809
J5 :-0.001362
Robocup frame :
[[-0.075683   ,-0.458367   ,-0.885535   ;
 0.987879    ,-0.155175   ,-0.004109   ;
 -0.135529   ,-0.875111   ,0.464555    ]
[-0.069317   ,-0.000433   ,0.462991    ]]
Keiser's Torques :
J1 :0.023532
J2 :1.741179
J3 :-1.268637
J4 :1.328175
J5 :0.022407
Keiser's frame :
-0.962585 0.256470 0.026740 -0.217773 
-0.012387 -0.149745 0.988647 -0.002792 
0.257562 0.954882 0.147857 0.490105 
0.000000 0.000000 0.000000 1.000000 
Luhbot's model torques 
J1: 0.000000
J2: 0.070854
J3: 3.343797
J4: 0.876060
J5: 0.000000

Experiment no. : 41

Robocup-at-work torques :
J1 :-0.000469
J2 :1.669818
J3 :1.329316
J4 :1.369600
J5 :-0.002170
Robocup frame :
[[-0.113046   ,-0.391481   ,-0.913216   ;
 0.963329    ,-0.268291   ,-0.004237   ;
 -0.243349   ,-0.880206   ,0.407454    ]
[-0.072723   ,-0.000449   ,0.455511    ]]
Keiser's Torques :
J1 :0.068677
J2 :1.936776
J3 :-1.440704
J4 :1.487166
J5 :0.147172
Keiser's frame :
-0.977146 0.190985 0.039495 -0.221036 
-0.012575 -0.264019 0.964435 -0.002834 
0.194620 0.945420 0.261351 0.476368 
0.000000 0.000000 0.000000 1.000000 
Luhbot's model torques 
J1: 0.000000
J2: 0.142551
J3: 3.415493
J4: 0.948057
J5: 0.000000

Experiment no. : 42

Robocup-at-work torques :
J1 :0.000000
J2 :2.175271
J3 :-2.261160
J4 :0.539766
J5 :-0.003794
Robocup frame :
[[0.856979    ,0.367852    ,0.360933    ;
 -0.370887   ,0.926495    ,-0.063642   ;
 -0.357814   ,-0.079325   ,0.930418    ]
[0.047287    ,-0.004106   ,0.321846    ]]
Keiser's Torques :
J1 :0.000000
J2 :2.008169
J3 :2.667849
J4 :0.503580
J5 :-0.000586
Keiser's frame :
0.306659 -0.332526 -0.618237 -0.117994 
-0.138440 0.929926 -0.340694 -0.022936 
0.688204 -0.157049 -0.708315 0.247016 
0.000000 0.000000 0.000000 1.000000 
Luhbot's model torques 
J1: 0.000000
J2: 0.000000
J3: 0.124708
J4: 0.122731
J5: -0.000000

Experiment no. : 43

Robocup-at-work torques :
J1 :0.000000
J2 :2.175271
J3 :-2.261160
J4 :0.539766
J5 :-0.003794
Robocup frame :
[[0.856979    ,0.367852    ,0.360933    ;
 -0.370887   ,0.926495    ,-0.063642   ;
 -0.357814   ,-0.079325   ,0.930418    ]
[0.047287    ,-0.004106   ,0.321846    ]]
Keiser's Torques :
J1 :0.000000
J2 :2.008169
J3 :2.667849
J4 :0.503580
J5 :-0.000586
Keiser's frame :
0.306659 -0.332526 -0.618237 -0.117994 
-0.138440 0.929926 -0.340694 -0.022936 
0.688204 -0.157049 -0.708315 0.247016 
0.000000 0.000000 0.000000 1.000000 
Luhbot's model torques 
J1: 0.000000
J2: 0.000000
J3: 0.124708
J4: 0.122731
J5: -0.000000

Experiment no. : 44

Robocup-at-work torques :
J1 :0.000000
J2 :2.175271
J3 :-2.261160
J4 :0.539766
J5 :-0.003794
Robocup frame :
[[0.856979    ,0.367852    ,0.360933    ;
 -0.370887   ,0.926495    ,-0.063642   ;
 -0.357814   ,-0.079325   ,0.930418    ]
[0.047287    ,-0.004106   ,0.321846    ]]
Keiser's Torques :
J1 :0.000000
J2 :2.008169
J3 :2.667849
J4 :0.503580
J5 :-0.000586
Keiser's frame :
0.306659 -0.332526 -0.618237 -0.117994 
-0.138440 0.929926 -0.340694 -0.022936 
0.688204 -0.157049 -0.708315 0.247016 
0.000000 0.000000 0.000000 1.000000 
Luhbot's model torques 
J1: 0.000000
J2: 0.000000
J3: 0.124708
J4: 0.122731
J5: -0.000000

Experiment no. : 45

Robocup-at-work torques :
J1 :0.000000
J2 :2.175271
J3 :-2.261160
J4 :0.539766
J5 :-0.003794
Robocup frame :
[[0.856979    ,0.367852    ,0.360933    ;
 -0.370887   ,0.926495    ,-0.063642   ;
 -0.357814   ,-0.079325   ,0.930418    ]
[0.047287    ,-0.004106   ,0.321846    ]]
Keiser's Torques :
J1 :0.000000
J2 :2.008169
J3 :2.667849
J4 :0.503580
J5 :-0.000586
Keiser's frame :
0.306659 -0.332526 -0.618237 -0.117994 
-0.138440 0.929926 -0.340694 -0.022936 
0.688204 -0.157049 -0.708315 0.247016 
0.000000 0.000000 0.000000 1.000000 
Luhbot's model torques 
J1: 0.000000
J2: 0.000000
J3: 0.124708
J4: 0.122731
J5: -0.000000

Experiment no. : 46

Robocup-at-work torques :
J1 :0.000000
J2 :2.175271
J3 :-2.261160
J4 :0.539766
J5 :-0.003794
Robocup frame :
[[0.856979    ,0.367852    ,0.360933    ;
 -0.370887   ,0.926495    ,-0.063642   ;
 -0.357814   ,-0.079325   ,0.930418    ]
[0.047287    ,-0.004106   ,0.321846    ]]
Keiser's Torques :
J1 :0.000000
J2 :2.008169
J3 :2.667849
J4 :0.503580
J5 :-0.000586
Keiser's frame :
0.306659 -0.332526 -0.618237 -0.117994 
-0.138440 0.929926 -0.340694 -0.022936 
0.688204 -0.157049 -0.708315 0.247016 
0.000000 0.000000 0.000000 1.000000 
Luhbot's model torques 
J1: 0.000000
J2: 0.000000
J3: 0.124708
J4: 0.122731
J5: -0.000000

Experiment no. : 47

Robocup-at-work torques :
J1 :0.000000
J2 :2.175271
J3 :-2.261160
J4 :0.539766
J5 :-0.003794
Robocup frame :
[[0.856979    ,0.367852    ,0.360933    ;
 -0.370887   ,0.926495    ,-0.063642   ;
 -0.357814   ,-0.079325   ,0.930418    ]
[0.047287    ,-0.004106   ,0.321846    ]]
Keiser's Torques :
J1 :0.000000
J2 :2.008169
J3 :2.667849
J4 :0.503580
J5 :-0.000586
Keiser's frame :
0.306659 -0.332526 -0.618237 -0.117994 
-0.138440 0.929926 -0.340694 -0.022936 
0.688204 -0.157049 -0.708315 0.247016 
0.000000 0.000000 0.000000 1.000000 
Luhbot's model torques 
J1: 0.000000
J2: 0.000000
J3: 0.124708
J4: 0.122731
J5: -0.000000

Experiment no. : 48

Robocup-at-work torques :
J1 :0.000000
J2 :2.175271
J3 :-2.261160
J4 :0.539766
J5 :-0.003794
Robocup frame :
[[0.856979    ,0.367852    ,0.360933    ;
 -0.370887   ,0.926495    ,-0.063642   ;
 -0.357814   ,-0.079325   ,0.930418    ]
[0.047287    ,-0.004106   ,0.321846    ]]
Keiser's Torques :
J1 :0.000000
J2 :2.008169
J3 :2.667849
J4 :0.503580
J5 :-0.000586
Keiser's frame :
0.306659 -0.332526 -0.618237 -0.117994 
-0.138440 0.929926 -0.340694 -0.022936 
0.688204 -0.157049 -0.708315 0.247016 
0.000000 0.000000 0.000000 1.000000 
Luhbot's model torques 
J1: 0.000000
J2: 0.000000
J3: 0.124708
J4: 0.122731
J5: -0.000000

Experiment no. : 49

Robocup-at-work torques :
J1 :0.000000
J2 :2.175271
J3 :-2.261160
J4 :0.539766
J5 :-0.003794
Robocup frame :
[[0.856979    ,0.367852    ,0.360933    ;
 -0.370887   ,0.926495    ,-0.063642   ;
 -0.357814   ,-0.079325   ,0.930418    ]
[0.047287    ,-0.004106   ,0.321846    ]]
Keiser's Torques :
J1 :0.000000
J2 :2.008169
J3 :2.667849
J4 :0.503580
J5 :-0.000586
Keiser's frame :
0.306659 -0.332526 -0.618237 -0.117994 
-0.138440 0.929926 -0.340694 -0.022936 
0.688204 -0.157049 -0.708315 0.247016 
0.000000 0.000000 0.000000 1.000000 
Luhbot's model torques 
J1: 0.000000
J2: 0.000000
J3: 0.124708
J4: 0.122731
J5: -0.000000

Experiment no. : 50

Robocup-at-work torques :
J1 :0.000000
J2 :2.175271
J3 :-2.261160
J4 :0.539766
J5 :-0.003794
Robocup frame :
[[0.856979    ,0.367852    ,0.360933    ;
 -0.370887   ,0.926495    ,-0.063642   ;
 -0.357814   ,-0.079325   ,0.930418    ]
[0.047287    ,-0.004106   ,0.321846    ]]
Keiser's Torques :
J1 :0.000000
J2 :2.008169
J3 :2.667849
J4 :0.503580
J5 :-0.000586
Keiser's frame :
0.306659 -0.332526 -0.618237 -0.117994 
-0.138440 0.929926 -0.340694 -0.022936 
0.688204 -0.157049 -0.708315 0.247016 
0.000000 0.000000 0.000000 1.000000 
Luhbot's model torques 
J1: 0.000000
J2: 0.000000
J3: 0.124708
J4: 0.122731
J5: -0.000000

Experiment no. : 51

Robocup-at-work torques :
J1 :0.000000
J2 :2.175271
J3 :-2.261160
J4 :0.539766
J5 :-0.003794
Robocup frame :
[[0.856979    ,0.367852    ,0.360933    ;
 -0.370887   ,0.926495    ,-0.063642   ;
 -0.357814   ,-0.079325   ,0.930418    ]
[0.047287    ,-0.004106   ,0.321846    ]]
Keiser's Torques :
J1 :0.000000
J2 :2.008169
J3 :2.667849
J4 :0.503580
J5 :-0.000586
Keiser's frame :
0.306659 -0.332526 -0.618237 -0.117994 
-0.138440 0.929926 -0.340694 -0.022936 
0.688204 -0.157049 -0.708315 0.247016 
0.000000 0.000000 0.000000 1.000000 
Luhbot's model torques 
J1: 0.000000
J2: 0.000000
J3: 0.124708
J4: 0.122731
J5: -0.000000

Experiment no. : 52

Robocup-at-work torques :
J1 :0.000000
J2 :2.175271
J3 :-2.261160
J4 :0.539766
J5 :-0.003794
Robocup frame :
[[0.856979    ,0.367852    ,0.360933    ;
 -0.370887   ,0.926495    ,-0.063642   ;
 -0.357814   ,-0.079325   ,0.930418    ]
[0.047287    ,-0.004106   ,0.321846    ]]
Keiser's Torques :
J1 :0.000000
J2 :2.008169
J3 :2.667849
J4 :0.503580
J5 :-0.000586
Keiser's frame :
0.306659 -0.332526 -0.618237 -0.117994 
-0.138440 0.929926 -0.340694 -0.022936 
0.688204 -0.157049 -0.708315 0.247016 
0.000000 0.000000 0.000000 1.000000 
Luhbot's model torques 
J1: 0.000000
J2: 0.000000
J3: 0.124708
J4: 0.122731
J5: -0.000000

Experiment no. : 53

Robocup-at-work torques :
J1 :0.000000
J2 :2.175271
J3 :-2.261160
J4 :0.539766
J5 :-0.003794
Robocup frame :
[[0.856979    ,0.367852    ,0.360933    ;
 -0.370887   ,0.926495    ,-0.063642   ;
 -0.357814   ,-0.079325   ,0.930418    ]
[0.047287    ,-0.004106   ,0.321846    ]]
Keiser's Torques :
J1 :0.000000
J2 :2.008169
J3 :2.667849
J4 :0.503580
J5 :-0.000586
Keiser's frame :
0.306659 -0.332526 -0.618237 -0.117994 
-0.138440 0.929926 -0.340694 -0.022936 
0.688204 -0.157049 -0.708315 0.247016 
0.000000 0.000000 0.000000 1.000000 
Luhbot's model torques 
J1: 0.000000
J2: 0.000000
J3: 0.124708
J4: 0.122731
J5: -0.000000

Experiment no. : 54

Robocup-at-work torques :
J1 :0.000000
J2 :2.175271
J3 :-2.261160
J4 :0.539766
J5 :-0.003794
Robocup frame :
[[0.856979    ,0.367852    ,0.360933    ;
 -0.370887   ,0.926495    ,-0.063642   ;
 -0.357814   ,-0.079325   ,0.930418    ]
[0.047287    ,-0.004106   ,0.321846    ]]
Keiser's Torques :
J1 :0.000000
J2 :2.008169
J3 :2.667849
J4 :0.503580
J5 :-0.000586
Keiser's frame :
0.306659 -0.332526 -0.618237 -0.117994 
-0.138440 0.929926 -0.340694 -0.022936 
0.688204 -0.157049 -0.708315 0.247016 
0.000000 0.000000 0.000000 1.000000 
Luhbot's model torques 
J1: 0.000000
J2: 0.000000
J3: 0.124708
J4: 0.122731
J5: -0.000000

Experiment no. : 55

Robocup-at-work torques :
J1 :0.000000
J2 :2.175271
J3 :-2.261160
J4 :0.539766
J5 :-0.003794
Robocup frame :
[[0.856979    ,0.367852    ,0.360933    ;
 -0.370887   ,0.926495    ,-0.063642   ;
 -0.357814   ,-0.079325   ,0.930418    ]
[0.047287    ,-0.004106   ,0.321846    ]]
Keiser's Torques :
J1 :0.000000
J2 :2.008169
J3 :2.667849
J4 :0.503580
J5 :-0.000586
Keiser's frame :
0.306659 -0.332526 -0.618237 -0.117994 
-0.138440 0.929926 -0.340694 -0.022936 
0.688204 -0.157049 -0.708315 0.247016 
0.000000 0.000000 0.000000 1.000000 
Luhbot's model torques 
J1: 0.000000
J2: 0.000000
J3: 0.124708
J4: 0.122731
J5: -0.000000

Experiment no. : 56

Robocup-at-work torques :
J1 :0.000000
J2 :2.175271
J3 :-2.261160
J4 :0.539766
J5 :-0.003794
Robocup frame :
[[0.856979    ,0.367852    ,0.360933    ;
 -0.370887   ,0.926495    ,-0.063642   ;
 -0.357814   ,-0.079325   ,0.930418    ]
[0.047287    ,-0.004106   ,0.321846    ]]
Keiser's Torques :
J1 :0.000000
J2 :2.008169
J3 :2.667849
J4 :0.503580
J5 :-0.000586
Keiser's frame :
0.306659 -0.332526 -0.618237 -0.117994 
-0.138440 0.929926 -0.340694 -0.022936 
0.688204 -0.157049 -0.708315 0.247016 
0.000000 0.000000 0.000000 1.000000 
Luhbot's model torques 
J1: 0.000000
J2: 0.000000
J3: 0.124708
J4: 0.122731
J5: -0.000000

Experiment no. : 57

Robocup-at-work torques :
J1 :0.000000
J2 :2.175271
J3 :-2.261160
J4 :0.539766
J5 :-0.003794
Robocup frame :
[[0.856979    ,0.367852    ,0.360933    ;
 -0.370887   ,0.926495    ,-0.063642   ;
 -0.357814   ,-0.079325   ,0.930418    ]
[0.047287    ,-0.004106   ,0.321846    ]]
Keiser's Torques :
J1 :0.000000
J2 :2.008169
J3 :2.667849
J4 :0.503580
J5 :-0.000586
Keiser's frame :
0.306659 -0.332526 -0.618237 -0.117994 
-0.138440 0.929926 -0.340694 -0.022936 
0.688204 -0.157049 -0.708315 0.247016 
0.000000 0.000000 0.000000 1.000000 
Luhbot's model torques 
J1: 0.000000
J2: 0.000000
J3: 0.124708
J4: 0.122731
J5: -0.000000

Experiment no. : 58

Robocup-at-work torques :
J1 :0.000000
J2 :2.175271
J3 :-2.261160
J4 :0.539766
J5 :-0.003794
Robocup frame :
[[0.856979    ,0.367852    ,0.360933    ;
 -0.370887   ,0.926495    ,-0.063642   ;
 -0.357814   ,-0.079325   ,0.930418    ]
[0.047287    ,-0.004106   ,0.321846    ]]
Keiser's Torques :
J1 :0.000000
J2 :2.008169
J3 :2.667849
J4 :0.503580
J5 :-0.000586
Keiser's frame :
0.306659 -0.332526 -0.618237 -0.117994 
-0.138440 0.929926 -0.340694 -0.022936 
0.688204 -0.157049 -0.708315 0.247016 
0.000000 0.000000 0.000000 1.000000 
Luhbot's model torques 
J1: 0.000000
J2: 0.000000
J3: 0.124708
J4: 0.122731
J5: -0.000000

Experiment no. : 59

Robocup-at-work torques :
J1 :0.000000
J2 :2.175271
J3 :-2.261160
J4 :0.539766
J5 :-0.003794
Robocup frame :
[[0.856979    ,0.367852    ,0.360933    ;
 -0.370887   ,0.926495    ,-0.063642   ;
 -0.357814   ,-0.079325   ,0.930418    ]
[0.047287    ,-0.004106   ,0.321846    ]]
Keiser's Torques :
J1 :0.000000
J2 :2.008169
J3 :2.667849
J4 :0.503580
J5 :-0.000586
Keiser's frame :
0.306659 -0.332526 -0.618237 -0.117994 
-0.138440 0.929926 -0.340694 -0.022936 
0.688204 -0.157049 -0.708315 0.247016 
0.000000 0.000000 0.000000 1.000000 
Luhbot's model torques 
J1: 0.000000
J2: 0.000000
J3: 0.124708
J4: 0.122731
J5: -0.000000

Experiment no. : 60

Robocup-at-work torques :
J1 :0.000000
J2 :2.175271
J3 :-2.261160
J4 :0.539766
J5 :-0.003794
Robocup frame :
[[0.856979    ,0.367852    ,0.360933    ;
 -0.370887   ,0.926495    ,-0.063642   ;
 -0.357814   ,-0.079325   ,0.930418    ]
[0.047287    ,-0.004106   ,0.321846    ]]
Keiser's Torques :
J1 :0.000000
J2 :2.008169
J3 :2.667849
J4 :0.503580
J5 :-0.000586
Keiser's frame :
0.306659 -0.332526 -0.618237 -0.117994 
-0.138440 0.929926 -0.340694 -0.022936 
0.688204 -0.157049 -0.708315 0.247016 
0.000000 0.000000 0.000000 1.000000 
Luhbot's model torques 
J1: 0.000000
J2: 0.000000
J3: 0.124708
J4: 0.122731
J5: -0.000000

Experiment no. : 61

Robocup-at-work torques :
J1 :0.000000
J2 :2.175271
J3 :-2.261160
J4 :0.539766
J5 :-0.003794
Robocup frame :
[[0.856979    ,0.367852    ,0.360933    ;
 -0.370887   ,0.926495    ,-0.063642   ;
 -0.357814   ,-0.079325   ,0.930418    ]
[0.047287    ,-0.004106   ,0.321846    ]]
Keiser's Torques :
J1 :0.000000
J2 :2.008169
J3 :2.667849
J4 :0.503580
J5 :-0.000586
Keiser's frame :
0.306659 -0.332526 -0.618237 -0.117994 
-0.138440 0.929926 -0.340694 -0.022936 
0.688204 -0.157049 -0.708315 0.247016 
0.000000 0.000000 0.000000 1.000000 
Luhbot's model torques 
J1: 0.000000
J2: 0.000000
J3: 0.124708
J4: 0.122731
J5: -0.000000

Experiment no. : 62

