
Experiment no. : 0

Robocup-at-work torques :
J1 :0.000563
J2 :-2.778874
J3 :-3.055300
J4 :-0.471522
J5 :-0.003625
Robocup frame :
[[0.854289    ,-0.404001   ,0.327069    ;
 0.427048    ,0.904228    ,0.001488    ;
 -0.296346   ,0.138403    ,0.944999    ]
[0.202723    ,0.000813    ,0.456569    ]]
Keiser's Torques :
J1 :-0.082837
J2 :-3.016640
J3 :3.440869
J4 :-0.490290
J5 :-0.085544
Keiser's frame :
-0.903298 -0.189908 0.376146 -0.307124 
-0.011709 0.903691 0.428024 -0.003965 
-0.421205 0.383767 -0.821772 0.251117 
0.000000 0.000000 0.000000 1.000000 
Luhbot's model torques 
J1: 0.000000
J2: -3.337812
J3: -0.282789
J4: -0.926834
J5: 0.000000

Experiment no. : 1

Robocup-at-work torques :
J1 :0.000854
J2 :-2.731393
J3 :-2.994167
J4 :-0.480566
J5 :-0.003519
Robocup frame :
[[0.829147    ,-0.450651   ,0.330799    ;
 0.477071    ,0.878863    ,0.001505    ;
 -0.291406   ,0.156567    ,0.943700    ]
[0.199908    ,0.000800    ,0.462227    ]]
Keiser's Torques :
J1 :-0.062062
J2 :-2.962502
J3 :3.371014
J4 :-0.499729
J5 :-0.063399
Keiser's frame :
-0.941672 -0.165473 0.280724 -0.313316 
-0.012206 0.878854 0.476935 -0.004045 
-0.325635 0.447475 -0.832903 0.278268 
0.000000 0.000000 0.000000 1.000000 
Luhbot's model torques 
J1: 0.000000
J2: -3.222463
J3: -0.167440
J4: -0.926121
J5: 0.000000

Experiment no. : 2

Robocup-at-work torques :
J1 :0.003798
J2 :-2.859295
J3 :-3.013914
J4 :-0.569052
J5 :-0.003480
Robocup frame :
[[0.773683    ,-0.531890   ,0.344251    ;
 0.566042    ,0.824375    ,0.001566    ;
 -0.284624   ,0.193649    ,0.938877    ]
[0.195411    ,0.000780    ,0.471116    ]]
Keiser's Torques :
J1 :0.052243
J2 :-3.212957
J3 :3.509457
J4 :-0.723583
J5 :0.057232
Keiser's frame :
-0.984932 -0.094132 0.115412 -0.318322 
-0.012767 0.825654 0.564032 -0.004110 
-0.148384 0.556268 -0.817648 0.327366 
0.000000 0.000000 0.000000 1.000000 
Luhbot's model torques 
J1: 0.000000
J2: -3.036954
J3: 0.102271
J4: -0.930482
J5: 0.000000

Experiment no. : 3

Robocup-at-work torques :
J1 :0.004263
J2 :-2.689849
J3 :-2.813405
J4 :-0.568068
J5 :-0.003364
Robocup frame :
[[0.718297    ,-0.607907   ,0.338376    ;
 0.645591    ,0.763682    ,0.001540    ;
 -0.259347   ,0.217347    ,0.941010    ]
[0.184653    ,0.000731    ,0.483641    ]]
Keiser's Torques :
J1 :0.007358
J2 :-3.017650
J3 :3.279008
J4 :-0.716980
J5 :0.012417
Keiser's frame :
-0.992832 0.040941 -0.068954 -0.312417 
-0.012869 0.767049 0.641459 -0.004034 
0.079153 0.640281 -0.764052 0.390819 
0.000000 0.000000 0.000000 1.000000 
Luhbot's model torques 
J1: 0.000000
J2: -2.770008
J3: 0.369217
J4: -0.915369
J5: 0.000000

Experiment no. : 4

Robocup-at-work torques :
J1 :0.002655
J2 :-2.082879
J3 :-2.265011
J4 :-0.426886
J5 :-0.002457
Robocup frame :
[[0.684980    ,-0.672997   ,0.279066    ;
 0.700576    ,0.713576    ,0.001270    ;
 -0.199989   ,0.194637    ,0.960271    ]
[0.162015    ,0.000628    ,0.499977    ]]
Keiser's Torques :
J1 :-0.017491
J2 :-2.271842
J3 :2.593395
J4 :-0.502811
J5 :-0.012856
Keiser's frame :
-0.945577 0.209739 -0.234029 -0.289922 
-0.012257 0.719417 0.694470 -0.003743 
0.314022 0.662154 -0.680398 0.458409 
0.000000 0.000000 0.000000 1.000000 
Luhbot's model torques 
J1: 0.000000
J2: -2.403460
J3: 0.735765
J4: -0.847383
J5: 0.000000

Experiment no. : 5

Robocup-at-work torques :
J1 :-0.001043
J2 :-1.091851
J3 :-1.445629
J4 :-0.198422
J5 :-0.001066
Robocup frame :
[[0.641029    ,-0.742912   ,0.192778    ;
 0.757001    ,0.653414    ,0.000877    ;
 -0.126615   ,0.145371    ,0.981242    ]
[0.130499    ,0.000485    ,0.515985    ]]
Keiser's Torques :
J1 :-0.001854
J2 :-1.064362
J3 :1.570156
J4 :-0.172454
J5 :0.001151
Keiser's frame :
-0.827236 0.411388 -0.375451 -0.246607 
-0.010723 0.662173 0.749274 -0.003184 
0.556856 0.626328 -0.545550 0.528169 
0.000000 0.000000 0.000000 1.000000 
Luhbot's model torques 
J1: 0.000000
J2: -1.993250
J3: 1.145637
J4: -0.745525
J5: 0.000000

Experiment no. : 6

Robocup-at-work torques :
J1 :-0.004541
J2 :-0.279040
J3 :-0.782225
J4 :-0.041138
J5 :-0.000266
Robocup frame :
[[0.582645    ,-0.803887   ,0.119546    ;
 0.809655    ,0.586906    ,0.000544    ;
 -0.070600   ,0.096474    ,0.992828    ]
[0.099764    ,0.000345    ,0.526357    ]]
Keiser's Torques :
J1 :0.001305
J2 :-0.129622
J3 :0.801950
J4 :0.014174
J5 :0.001637
Keiser's frame :
-0.661469 0.595460 -0.451778 -0.193017 
-0.008577 0.598316 0.801214 -0.002492 
0.747398 0.536139 -0.392367 0.581819 
0.000000 0.000000 0.000000 1.000000 
Luhbot's model torques 
J1: 0.000000
J2: -1.662864
J3: 1.470155
J4: -0.652407
J5: 0.000000

Experiment no. : 7

Robocup-at-work torques :
J1 :-0.003874
J2 :0.066468
J3 :-0.433625
J4 :-0.006906
J5 :-0.000115
Robocup frame :
[[0.517608    ,-0.851629   ,0.082529    ;
 0.854528    ,0.519406    ,0.000375    ;
 -0.043186   ,0.070329    ,0.996589    ]
[0.077653    ,0.000244    ,0.531283    ]]
Keiser's Torques :
J1 :0.001619
J2 :0.226505
J3 :0.443112
J4 :0.020641
J5 :0.000965
Keiser's frame :
-0.488085 0.735837 -0.467020 -0.140766 
-0.006331 0.532842 0.846191 -0.001817 
0.871507 0.417880 -0.256617 0.616094 
0.000000 0.000000 0.000000 1.000000 
Luhbot's model torques 
J1: 0.000000
J2: -1.465061
J3: 1.662361
J4: -0.598430
J5: 0.000000

Experiment no. : 8

Robocup-at-work torques :
J1 :0.001984
J2 :-0.240696
J3 :-0.501404
J4 :-0.135197
J5 :-0.000556
Robocup frame :
[[0.442976    ,-0.892800   ,0.081732    ;
 0.895784    ,0.444490    ,0.000372    ;
 -0.036661   ,0.073050    ,0.996654    ]
[0.064349    ,0.000184    ,0.533257    ]]
Keiser's Torques :
J1 :-0.003000
J2 :-0.236154
J3 :0.643315
J4 :-0.219521
J5 :-0.001669
Keiser's frame :
-0.314568 0.842061 -0.437075 -0.091016 
-0.004081 0.459480 0.888179 -0.001175 
0.948728 0.282508 -0.141791 0.637243 
0.000000 0.000000 0.000000 1.000000 
Luhbot's model torques 
J1: 0.000000
J2: -1.370064
J3: 1.754882
J4: -0.585500
J5: 0.000000

Experiment no. : 9

Robocup-at-work torques :
J1 :0.002914
J2 :-0.091134
J3 :-0.311190
J4 :-0.164869
J5 :-0.000535
Robocup frame :
[[0.367296    ,-0.925975   ,0.087541    ;
 0.929531    ,0.368744    ,0.000398    ;
 -0.032649   ,0.081226    ,0.996161    ]
[0.053074    ,0.000132    ,0.533918    ]]
Keiser's Torques :
J1 :0.001060
J2 :-0.092314
J3 :0.456357
J4 :-0.279176
J5 :0.002789
Keiser's frame :
-0.134910 0.914384 -0.381482 -0.039844 
-0.001750 0.384814 0.922992 -0.000514 
0.990769 0.125779 -0.050561 0.649481 
0.000000 0.000000 0.000000 1.000000 
Luhbot's model torques 
J1: 0.000000
J2: -1.311801
J3: 1.813628
J4: -0.580513
J5: 0.000000

Experiment no. : 10

Robocup-at-work torques :
J1 :-0.002127
J2 :0.671550
J3 :0.234341
J4 :-0.020341
J5 :-0.000115
Robocup frame :
[[0.315617    ,-0.946227   ,0.070994    ;
 0.948613    ,0.316437    ,0.000323    ;
 -0.022771   ,0.067244    ,0.997477    ]
[0.040737    ,0.000076    ,0.533817    ]]
Keiser's Torques :
J1 :-0.001518
J2 :0.883018
J3 :-0.284050
J4 :-0.014642
J5 :-0.001632
Keiser's frame :
0.001911 0.942937 -0.332964 0.000636 
0.000025 0.332965 0.942939 0.000008 
0.999998 -0.001819 0.000616 0.653297 
0.000000 0.000000 0.000000 1.000000 
Luhbot's model torques 
J1: 0.000000
J2: -1.254744
J3: 1.872111
J4: -0.552721
J5: 0.000000

Experiment no. : 11

Robocup-at-work torques :
J1 :0.001238
J2 :0.928970
J3 :0.644205
J4 :-0.021232
J5 :-0.000070
Robocup frame :
[[0.192740    ,-0.981167   ,0.012784    ;
 0.981247    ,0.192756    ,0.000058    ;
 -0.002521   ,0.012533    ,0.999918    ]
[0.007177    ,-0.000077   ,0.529821    ]]
Keiser's Torques :
J1 :0.000619
J2 :1.083472
J3 :-0.649415
J4 :-0.095781
J5 :0.001316
Keiser's frame :
0.325887 0.923687 -0.199011 0.097808 
0.004227 0.209186 0.977867 0.001263 
0.944873 -0.321005 0.064585 0.642180 
0.000000 0.000000 0.000000 1.000000 
Luhbot's model torques 
J1: 0.000000
J2: -1.150593
J3: 1.975987
J4: -0.462870
J5: 0.000000

Experiment no. : 12

Robocup-at-work torques :
J1 :-0.000535
J2 :1.472615
J3 :1.100703
J4 :0.050608
J5 :0.000016
Robocup frame :
[[0.110334    ,-0.993883   ,-0.004716   ;
 0.993894    ,0.110335    ,-0.000021   ;
 0.000542    ,-0.004685   ,0.999989    ]
[-0.009770   ,-0.000154   ,0.524963    ]]
Keiser's Torques :
J1 :-0.000348
J2 :1.731041
J3 :-1.201102
J4 :0.006338
J5 :-0.001189
Keiser's frame :
0.520296 0.845311 -0.110754 0.156375 
0.006748 0.125805 0.992032 0.002019 
0.852509 -0.519252 0.060050 0.620121 
0.000000 0.000000 0.000000 1.000000 
Luhbot's model torques 
J1: 0.000000
J2: -1.153774
J3: 1.974814
J4: -0.428536
J5: 0.000000

Experiment no. : 13

Robocup-at-work torques :
J1 :-0.000698
J2 :1.806362
J3 :1.438772
J4 :0.088679
J5 :0.000023
Robocup frame :
[[0.026961    ,-0.999121   ,-0.032110   ;
 0.999636    ,0.026979    ,-0.000146   ;
 0.001012    ,-0.032094   ,0.999484    ]
[-0.027801   ,-0.000236   ,0.518127    ]]
Keiser's Torques :
J1 :0.002921
J2 :2.105907
J3 :-1.580899
J4 :0.050331
J5 :0.002101
Keiser's frame :
0.686598 0.723215 -0.035746 0.208551 
0.008904 0.040891 0.999124 0.002693 
0.724043 -0.689411 0.021763 0.588266 
0.000000 0.000000 0.000000 1.000000 
Luhbot's model torques 
J1: 0.000000
J2: -1.177358
J3: 1.952070
J4: -0.381466
J5: 0.000000

Experiment no. : 14

Robocup-at-work torques :
J1 :-0.000525
J2 :2.106590
J3 :1.745888
J4 :0.119189
J5 :-0.000046
Robocup frame :
[[-0.056027   ,-0.996810   ,-0.056845   ;
 0.998425    ,-0.056103   ,-0.000259   ;
 -0.002931   ,-0.056769   ,0.998383    ]
[-0.044559   ,-0.000312   ,0.509601    ]]
Keiser's Torques :
J1 :-0.002589
J2 :2.434388
J3 :-1.916431
J4 :0.073089
J5 :-0.003691
Keiser's frame :
0.822471 0.563180 0.016139 0.253224 
0.010667 -0.044274 0.998962 0.003269 
0.563310 -0.825148 -0.042585 0.547616 
0.000000 0.000000 0.000000 1.000000 
Luhbot's model torques 
J1: 0.000000
J2: -1.235319
J3: 1.894229
J4: -0.337480
J5: 0.000000

Experiment no. : 15

Robocup-at-work torques :
J1 :0.000848
J2 :2.259908
J3 :1.956362
J4 :0.123947
J5 :-0.000087
Robocup frame :
[[-0.138281   ,-0.987080   ,-0.080946   ;
 0.990333    ,-0.138706   ,-0.000368   ;
 -0.010864   ,-0.080215   ,0.996718    ]
[-0.060022   ,-0.000382   ,0.499576    ]]
Keiser's Torques :
J1 :0.002740
J2 :2.575935
J3 :-2.120510
J4 :0.053558
J5 :0.001913
Keiser's frame :
0.921163 0.377320 0.038066 0.288882 
0.011946 -0.129327 0.991530 0.003730 
0.379047 -0.917008 -0.124174 0.500191 
0.000000 0.000000 0.000000 1.000000 
Luhbot's model torques 
J1: 0.000000
J2: -1.323529
J3: 1.806293
J4: -0.294133
J5: 0.000000

Experiment no. : 16

Robocup-at-work torques :
J1 :-0.001993
J2 :2.770220
J3 :2.360252
J4 :0.212153
J5 :-0.000301
Robocup frame :
[[-0.219408   ,-0.969796   ,-0.106562   ;
 0.975361    ,-0.220614   ,-0.000485   ;
 -0.023039   ,-0.104043   ,0.994306    ]
[-0.074557   ,-0.000448   ,0.487991    ]]
Keiser's Torques :
J1 :0.000577
J2 :3.191260
J3 :-2.618195
J4 :0.182032
J5 :-0.001468
Keiser's frame :
0.979487 0.176916 0.025948 0.314798 
0.012703 -0.213907 0.976771 0.004064 
0.178357 -0.960700 -0.212707 0.447549 
0.000000 0.000000 0.000000 1.000000 
Luhbot's model torques 
J1: 0.000000
J2: -1.439214
J3: 1.690642
J4: -0.248702
J5: 0.000000

Experiment no. : 17

Robocup-at-work torques :
J1 :-0.001118
J2 :3.086109
J3 :2.663142
J4 :0.266153
J5 :-0.000527
Robocup frame :
[[-0.298910   ,-0.944664   ,-0.135140   ;
 0.953435    ,-0.301598   ,-0.000615   ;
 -0.040177   ,-0.129031   ,0.990826    ]
[-0.088421   ,-0.000511   ,0.474402    ]]
Keiser's Torques :
J1 :0.004380
J2 :3.563894
J3 :-2.978409
J4 :0.251454
J5 :-0.000277
Keiser's frame :
0.994726 -0.034048 -0.024122 0.330899 
0.012899 -0.297736 0.954561 0.004272 
-0.039683 -0.954041 -0.297037 0.388997 
0.000000 0.000000 0.000000 1.000000 
Luhbot's model torques 
J1: 0.000000
J2: -1.588418
J3: 1.542551
J4: -0.199265
J5: 0.000000

Experiment no. : 18

Robocup-at-work torques :
J1 :0.001363
J2 :2.776391
J3 :2.549036
J4 :0.183514
J5 :-0.000427
Robocup frame :
[[-0.375880   ,-0.913617   ,-0.154977   ;
 0.924832    ,-0.380375   ,-0.000702   ;
 -0.058308   ,-0.143592   ,0.987918    ]
[-0.098753   ,-0.000556   ,0.461034    ]]
Keiser's Torques :
J1 :-0.000941
J2 :3.088582
J3 :-2.713855
J4 :0.057676
J5 :0.001990
Keiser's frame :
0.965548 -0.221007 -0.103692 0.334959 
0.012539 -0.379098 0.925272 0.004331 
-0.243801 -0.898577 -0.364856 0.333089 
0.000000 0.000000 0.000000 1.000000 
Luhbot's model torques 
J1: 0.000000
J2: -1.755549
J3: 1.376872
J4: -0.161584
J5: 0.000000

Experiment no. : 19

Robocup-at-work torques :
J1 :-0.003469
J2 :3.712073
J3 :3.197942
J4 :0.391816
J5 :-0.001185
Robocup frame :
[[-0.447683   ,-0.875178   ,-0.183419   ;
 0.890353    ,-0.455270   ,-0.000838   ;
 -0.082772   ,-0.163683   ,0.983034    ]
[-0.109065   ,-0.000608   ,0.445507    ]]
Keiser's Torques :
J1 :0.019496
J2 :4.325896
J3 :-3.640341
J4 :0.431053
J5 :0.013025
Keiser's frame :
0.891288 -0.391980 -0.212648 0.328502 
0.011538 -0.456332 0.889735 0.004235 
-0.445796 -0.798819 -0.403922 0.275476 
0.000000 0.000000 0.000000 1.000000 
Luhbot's model torques 
J1: 0.000000
J2: -1.949469
J3: 1.185016
J4: -0.112838
J5: 0.000000

Experiment no. : 20

Robocup-at-work torques :
J1 :-0.000243
J2 :3.322724
J3 :3.010492
J4 :0.307912
J5 :-0.001035
Robocup frame :
[[-0.511488   ,-0.833984   ,-0.207006   ;
 0.852552    ,-0.522642   ,-0.000940   ;
 -0.107406   ,-0.176964   ,0.978339    ]
[-0.116533   ,-0.000638   ,0.430636    ]]
Keiser's Torques :
J1 :0.013920
J2 :3.750944
J3 :-3.282309
J4 :0.228027
J5 :0.013790
Keiser's frame :
0.785123 -0.519130 -0.330174 0.312775 
0.010186 -0.525579 0.850684 0.004041 
-0.615148 -0.673996 -0.409050 0.225105 
0.000000 0.000000 0.000000 1.000000 
Luhbot's model torques 
J1: 0.000000
J2: -2.147585
J3: 0.989230
J4: -0.071549
J5: 0.000000

Experiment no. : 21

Robocup-at-work torques :
J1 :0.000288
J2 :3.526390
J3 :3.195190
J4 :0.366195
J5 :-0.001400
Robocup frame :
[[-0.563487   ,-0.792526   ,-0.233206   ;
 0.815145    ,-0.579256   ,-0.001063   ;
 -0.134243   ,-0.190696   ,0.972427    ]
[-0.122643   ,-0.000669   ,0.416148    ]]
Keiser's Torques :
J1 :0.017729
J2 :4.007830
J3 :-3.520179
J4 :0.306771
J5 :0.015449
Keiser's frame :
0.661116 -0.604087 -0.441007 0.291165 
0.008563 -0.583456 0.812100 0.003756 
-0.747887 -0.542824 -0.382108 0.182998 
0.000000 0.000000 0.000000 1.000000 
Luhbot's model torques 
J1: 0.000000
J2: -2.339002
J3: 0.799494
J4: -0.028054
J5: 0.000000

Experiment no. : 22

Robocup-at-work torques :
J1 :-0.000930
J2 :3.639720
J3 :3.280641
J4 :0.413363
J5 :-0.001799
Robocup frame :
[[-0.605496   ,-0.754413   ,-0.253448   ;
 0.780065    ,-0.625697   ,-0.001151   ;
 -0.157714   ,-0.198403   ,0.967348    ]
[-0.126511   ,-0.000683   ,0.403838    ]]
Keiser's Torques :
J1 :0.003307
J2 :4.163916
J3 :-3.646875
J4 :0.391722
J5 :0.000154
Keiser's frame :
0.539854 -0.649749 -0.532972 0.268068 
0.007003 -0.630692 0.776001 0.003464 
-0.840347 -0.424328 -0.337287 0.151561 
0.000000 0.000000 0.000000 1.000000 
Luhbot's model torques 
J1: 0.000000
J2: -2.507430
J3: 0.631677
J4: 0.000000
J5: 0.000000

Experiment no. : 23

Robocup-at-work torques :
J1 :-0.000654
J2 :3.650256
J3 :3.309080
J4 :0.430203
J5 :-0.001937
Robocup frame :
[[-0.640522   ,-0.718993   ,-0.269778   ;
 0.746905    ,-0.664929   ,-0.001225   ;
 -0.178503   ,-0.202283   ,0.962922    ]
[-0.128824   ,-0.000694   ,0.393146    ]]
Keiser's Torques :
J1 :0.018553
J2 :4.170790
J3 :-3.673175
J4 :0.402959
J5 :0.017199
Keiser's frame :
0.423064 -0.670216 -0.608624 0.244761 
0.005488 -0.670353 0.742022 0.003162 
-0.905308 -0.318492 -0.281035 0.127341 
0.000000 0.000000 0.000000 1.000000 
Luhbot's model torques 
J1: 0.000000
J2: -2.659164
J3: 0.481179
J4: -0.005659
J5: -0.009784

Experiment no. : 24

Robocup-at-work torques :
J1 :-0.000458
J2 :3.640630
J3 :3.312518
J4 :0.442150
J5 :-0.002102
Robocup frame :
[[-0.664378   ,-0.692258   ,-0.281745   ;
 0.721746    ,-0.692157   ,-0.001282   ;
 -0.194125   ,-0.204200   ,0.959488    ]
[-0.130038   ,-0.000701   ,0.385040    ]]
Keiser's Torques :
J1 :0.013023
J2 :4.157004
J3 :-3.673839
J4 :0.413938
J5 :0.011841
Keiser's frame :
0.329299 -0.675074 -0.659542 0.225416 
0.004268 -0.697754 0.716325 0.002910 
-0.943770 -0.239615 -0.227779 0.111274 
0.000000 0.000000 0.000000 1.000000 
Luhbot's model torques 
J1: 0.000000
J2: -2.776451
J3: 0.364654
J4: 0.000000
J5: -0.008151

Experiment no. : 25

Robocup-at-work torques :
J1 :0.001618
J2 :3.533119
J3 :3.258476
J4 :0.420325
J5 :-0.001956
Robocup frame :
[[-0.688181   ,-0.664452   ,-0.291393   ;
 0.694885    ,-0.719120   ,-0.001326   ;
 -0.208665   ,-0.203397   ,0.956603    ]
[-0.130617   ,-0.000703   ,0.377596    ]]
Keiser's Torques :
J1 :0.041411
J2 :3.981433
J3 :-3.553722
J4 :0.330967
J5 :0.041468
Keiser's frame :
0.238330 -0.668452 -0.704225 0.206172 
0.003089 -0.724760 0.688994 0.002662 
-0.970953 -0.167016 -0.171333 0.098233 
0.000000 0.000000 0.000000 1.000000 
Luhbot's model torques 
J1: 0.000000
J2: -2.887449
J3: 0.254061
J4: 0.000000
J5: -0.006823

Experiment no. : 26

Robocup-at-work torques :
J1 :-0.000238
J2 :3.621673
J3 :3.315525
J4 :0.474035
J5 :-0.002431
Robocup frame :
[[-0.691136   ,-0.653840   ,-0.307936   ;
 0.687564    ,-0.726123   ,-0.001401   ;
 -0.222683   ,-0.212694   ,0.951406    ]
[-0.131885   ,-0.000709   ,0.372074    ]]
Keiser's Torques :
J1 :-0.000202
J2 :4.133469
J3 :-3.674681
J4 :0.447666
J5 :-0.001612
Keiser's frame :
0.182105 -0.669690 -0.719795 0.194307 
0.002360 -0.731828 0.681485 0.002509 
-0.983150 -0.126263 -0.132186 0.090334 
0.000000 0.000000 0.000000 1.000000 
Luhbot's model torques 
J1: 0.000000
J2: -2.953847
J3: 0.190094
J4: 0.016014
J5: -0.005250

Experiment no. : 27

Robocup-at-work torques :
J1 :-0.003046
J2 :3.779317
J3 :3.409742
J4 :0.548426
J5 :-0.003003
Robocup frame :
[[-0.686613   ,-0.649550   ,-0.326570   ;
 0.687600    ,-0.726088   ,-0.001486   ;
 -0.236153   ,-0.225570   ,0.945172    ]
[-0.133846   ,-0.000718   ,0.368479    ]]
Keiser's Torques :
J1 :-0.042292
J2 :4.389724
J3 :-3.866282
J4 :0.615307
J5 :-0.045580
Keiser's frame :
0.160919 -0.672273 -0.722468 0.189705 
0.002085 -0.731847 0.681466 0.002449 
-0.986868 -0.111576 -0.116805 0.086740 
0.000000 0.000000 0.000000 1.000000 
Luhbot's model torques 
J1: 0.000000
J2: -2.977880
J3: 0.166061
J4: 0.042312
J5: -0.003593

Experiment no. : 28

Robocup-at-work torques :
J1 :0.001361
J2 :3.395724
J3 :3.136593
J4 :0.430164
J5 :-0.002200
Robocup frame :
[[-0.697573   ,-0.644417   ,-0.313240   ;
 0.678911    ,-0.734219   ,-0.001425   ;
 -0.229068   ,-0.213656   ,0.949673    ]
[-0.131986   ,-0.000710   ,0.368320    ]]
Keiser's Torques :
J1 :0.002892
J2 :3.783716
J3 :-3.371649
J4 :0.325700
J5 :0.000961
Keiser's frame :
0.135632 -0.666249 -0.733198 0.184171 
0.001758 -0.739924 0.672688 0.002378 
-0.990688 -0.092866 -0.099560 0.085124 
0.000000 0.000000 0.000000 1.000000 
Luhbot's model torques 
J1: 0.000000
J2: -3.009878
J3: 0.134063
J4: 0.024475
J5: -0.004686

Experiment no. : 29

Robocup-at-work torques :
J1 :0.000698
J2 :3.540249
J3 :3.254375
J4 :0.448756
J5 :-0.002284
Robocup frame :
[[-0.722139   ,-0.622435   ,-0.301812   ;
 0.653209    ,-0.757176   ,-0.001373   ;
 -0.227670   ,-0.198138   ,0.953367    ]
[-0.130089   ,-0.000701   ,0.366624    ]]
Keiser's Torques :
J1 :0.028571
J2 :4.015679
J3 :-3.577229
J4 :0.393487
J5 :0.028587
Keiser's frame :
0.090889 -0.643977 -0.759586 0.174357 
0.001178 -0.762696 0.646756 0.002251 
-0.995829 -0.059897 -0.068821 0.081760 
0.000000 0.000000 0.000000 1.000000 
Luhbot's model torques 
J1: 0.000000
J2: -3.063718
J3: 0.080257
J4: 0.011153
J5: -0.005343

Experiment no. : 30

Robocup-at-work torques :
J1 :-0.000145
J2 :3.607616
J3 :3.304833
J4 :0.481554
J5 :-0.002575
Robocup frame :
[[-0.729190   ,-0.608957   ,-0.312176   ;
 0.641348    ,-0.767249   ,-0.001420   ;
 -0.238652   ,-0.201249   ,0.950023    ]
[-0.130629   ,-0.000704   ,0.362391    ]]
Keiser's Torques :
J1 :0.010206
J2 :4.126412
J3 :-3.671584
J4 :0.460339
J5 :0.009734
Keiser's frame :
0.044847 -0.634103 -0.771937 0.164148 
0.000581 -0.772704 0.634767 0.002119 
-0.998986 -0.029022 -0.034414 0.077212 
0.000000 0.000000 0.000000 1.000000 
Luhbot's model torques 
J1: 0.000000
J2: -3.117784
J3: -0.057994
J4: 0.026932
J5: -0.004367

Experiment no. : 31

Robocup-at-work torques :
J1 :0.000018
J2 :3.528962
J3 :3.233032
J4 :0.471979
J5 :-0.002557
Robocup frame :
[[-0.728824   ,-0.607578   ,-0.315698   ;
 0.640690    ,-0.767798   ,-0.001436   ;
 -0.241520   ,-0.203312   ,0.948859    ]
[-0.130875   ,-0.000705   ,0.361326    ]]
Keiser's Torques :
J1 :0.000763
J2 :4.005635
J3 :-3.556901
J4 :0.430678
J5 :-0.000696
Keiser's frame :
0.034823 -0.633697 -0.772791 0.161906 
0.000451 -0.773254 0.634096 0.002090 
-0.999389 -0.022512 -0.026741 0.076195 
0.000000 0.000000 0.000000 1.000000 
Luhbot's model torques 
J1: 0.000000
J2: -3.129564
J3: -0.069774
J4: 0.031965
J5: -0.004080

Experiment no. : 32

Robocup-at-work torques :
J1 :0.000133
J2 :3.525711
J3 :3.232985
J4 :0.470078
J5 :-0.002547
Robocup frame :
[[-0.728670   ,-0.607777   ,-0.315670   ;
 0.640894    ,-0.767628   ,-0.001436   ;
 -0.241444   ,-0.203357   ,0.948868    ]
[-0.130876   ,-0.000705   ,0.361345    ]]
Keiser's Torques :
J1 :0.000283
J2 :3.999160
J3 :-3.553744
J4 :0.424750
J5 :-0.001227
Keiser's frame :
0.035072 -0.633896 -0.772617 0.161961 
0.000454 -0.773086 0.634301 0.002091 
-0.999380 -0.022680 -0.026926 0.076216 
0.000000 0.000000 0.000000 1.000000 
Luhbot's model torques 
J1: 0.000000
J2: -3.129282
J3: -0.069493
J4: 0.031904
J5: -0.004084

Experiment no. : 33

Robocup-at-work torques :
J1 :-0.000145
J2 :3.534689
J3 :3.234810
J4 :0.475474
J5 :-0.002583
Robocup frame :
[[-0.728130   ,-0.607980   ,-0.316524   ;
 0.641302    ,-0.767287   ,-0.001440   ;
 -0.241989   ,-0.204036   ,0.948584    ]
[-0.130997   ,-0.000705   ,0.361354    ]]
Keiser's Torques :
J1 :-0.001042
J2 :4.015466
J3 :-3.562650
J4 :0.439163
J5 :-0.002586
Keiser's frame :
0.036685 -0.634269 -0.772235 0.162317 
0.000475 -0.772748 0.634712 0.002096 
-0.999322 -0.023738 -0.028152 0.076277 
0.000000 0.000000 0.000000 1.000000 
Luhbot's model torques 
J1: 0.000000
J2: -3.127239
J3: -0.067450
J4: 0.033069
J5: -0.004021

Experiment no. : 34

Robocup-at-work torques :
J1 :0.000000
J2 :2.175271
J3 :-2.261160
J4 :0.539766
J5 :-0.003794
Robocup frame :
[[0.856979    ,0.367852    ,0.360933    ;
 -0.370887   ,0.926495    ,-0.063642   ;
 -0.357814   ,-0.079325   ,0.930418    ]
[0.047287    ,-0.004106   ,0.321846    ]]
Keiser's Torques :
J1 :0.000000
J2 :2.008169
J3 :2.667849
J4 :0.503580
J5 :-0.000586
Keiser's frame :
0.306659 -0.332526 -0.618237 -0.117994 
-0.138440 0.929926 -0.340694 -0.022936 
0.688204 -0.157049 -0.708315 0.247016 
0.000000 0.000000 0.000000 1.000000 
Luhbot's model torques 
J1: 0.000000
J2: 0.000000
J3: 0.124708
J4: 0.122731
J5: -0.000000

Experiment no. : 35

Robocup-at-work torques :
J1 :0.000000
J2 :2.175271
J3 :-2.261160
J4 :0.539766
J5 :-0.003794
Robocup frame :
[[0.856979    ,0.367852    ,0.360933    ;
 -0.370887   ,0.926495    ,-0.063642   ;
 -0.357814   ,-0.079325   ,0.930418    ]
[0.047287    ,-0.004106   ,0.321846    ]]
Keiser's Torques :
J1 :0.000000
J2 :2.008169
J3 :2.667849
J4 :0.503580
J5 :-0.000586
Keiser's frame :
0.306659 -0.332526 -0.618237 -0.117994 
-0.138440 0.929926 -0.340694 -0.022936 
0.688204 -0.157049 -0.708315 0.247016 
0.000000 0.000000 0.000000 1.000000 
Luhbot's model torques 
J1: 0.000000
J2: 0.000000
J3: 0.124708
J4: 0.122731
J5: -0.000000

Experiment no. : 36

Robocup-at-work torques :
J1 :0.000000
J2 :2.175271
J3 :-2.261160
J4 :0.539766
J5 :-0.003794
Robocup frame :
[[0.856979    ,0.367852    ,0.360933    ;
 -0.370887   ,0.926495    ,-0.063642   ;
 -0.357814   ,-0.079325   ,0.930418    ]
[0.047287    ,-0.004106   ,0.321846    ]]
Keiser's Torques :
J1 :0.000000
J2 :2.008169
J3 :2.667849
J4 :0.503580
J5 :-0.000586
Keiser's frame :
0.306659 -0.332526 -0.618237 -0.117994 
-0.138440 0.929926 -0.340694 -0.022936 
0.688204 -0.157049 -0.708315 0.247016 
0.000000 0.000000 0.000000 1.000000 
Luhbot's model torques 
J1: 0.000000
J2: 0.000000
J3: 0.124708
J4: 0.122731
J5: -0.000000

Experiment no. : 37

Robocup-at-work torques :
J1 :0.000000
J2 :2.175271
J3 :-2.261160
J4 :0.539766
J5 :-0.003794
Robocup frame :
[[0.856979    ,0.367852    ,0.360933    ;
 -0.370887   ,0.926495    ,-0.063642   ;
 -0.357814   ,-0.079325   ,0.930418    ]
[0.047287    ,-0.004106   ,0.321846    ]]
Keiser's Torques :
J1 :0.000000
J2 :2.008169
J3 :2.667849
J4 :0.503580
J5 :-0.000586
Keiser's frame :
0.306659 -0.332526 -0.618237 -0.117994 
-0.138440 0.929926 -0.340694 -0.022936 
0.688204 -0.157049 -0.708315 0.247016 
0.000000 0.000000 0.000000 1.000000 
Luhbot's model torques 
J1: 0.000000
J2: 0.000000
J3: 0.124708
J4: 0.122731
J5: -0.000000

Experiment no. : 38

Robocup-at-work torques :
J1 :0.000000
J2 :2.175271
J3 :-2.261160
J4 :0.539766
J5 :-0.003794
Robocup frame :
[[0.856979    ,0.367852    ,0.360933    ;
 -0.370887   ,0.926495    ,-0.063642   ;
 -0.357814   ,-0.079325   ,0.930418    ]
[0.047287    ,-0.004106   ,0.321846    ]]
Keiser's Torques :
J1 :0.000000
J2 :2.008169
J3 :2.667849
J4 :0.503580
J5 :-0.000586
Keiser's frame :
0.306659 -0.332526 -0.618237 -0.117994 
-0.138440 0.929926 -0.340694 -0.022936 
0.688204 -0.157049 -0.708315 0.247016 
0.000000 0.000000 0.000000 1.000000 
Luhbot's model torques 
J1: 0.000000
J2: 0.000000
J3: 0.124708
J4: 0.122731
J5: -0.000000

Experiment no. : 39

Robocup-at-work torques :
J1 :0.000000
J2 :2.175271
J3 :-2.261160
J4 :0.539766
J5 :-0.003794
Robocup frame :
[[0.856979    ,0.367852    ,0.360933    ;
 -0.370887   ,0.926495    ,-0.063642   ;
 -0.357814   ,-0.079325   ,0.930418    ]
[0.047287    ,-0.004106   ,0.321846    ]]
Keiser's Torques :
J1 :0.000000
J2 :2.008169
J3 :2.667849
J4 :0.503580
J5 :-0.000586
Keiser's frame :
0.306659 -0.332526 -0.618237 -0.117994 
-0.138440 0.929926 -0.340694 -0.022936 
0.688204 -0.157049 -0.708315 0.247016 
0.000000 0.000000 0.000000 1.000000 
Luhbot's model torques 
J1: 0.000000
J2: 0.000000
J3: 0.124708
J4: 0.122731
J5: -0.000000

Experiment no. : 40

Robocup-at-work torques :
J1 :0.000000
J2 :2.175271
J3 :-2.261160
J4 :0.539766
J5 :-0.003794
Robocup frame :
[[0.856979    ,0.367852    ,0.360933    ;
 -0.370887   ,0.926495    ,-0.063642   ;
 -0.357814   ,-0.079325   ,0.930418    ]
[0.047287    ,-0.004106   ,0.321846    ]]
Keiser's Torques :
J1 :0.000000
J2 :2.008169
J3 :2.667849
J4 :0.503580
J5 :-0.000586
Keiser's frame :
0.306659 -0.332526 -0.618237 -0.117994 
-0.138440 0.929926 -0.340694 -0.022936 
0.688204 -0.157049 -0.708315 0.247016 
0.000000 0.000000 0.000000 1.000000 
Luhbot's model torques 
J1: 0.000000
J2: 0.000000
J3: 0.124708
J4: 0.122731
J5: -0.000000

Experiment no. : 41

Robocup-at-work torques :
J1 :0.000000
J2 :2.175271
J3 :-2.261160
J4 :0.539766
J5 :-0.003794
Robocup frame :
[[0.856979    ,0.367852    ,0.360933    ;
 -0.370887   ,0.926495    ,-0.063642   ;
 -0.357814   ,-0.079325   ,0.930418    ]
[0.047287    ,-0.004106   ,0.321846    ]]
Keiser's Torques :
J1 :0.000000
J2 :2.008169
J3 :2.667849
J4 :0.503580
J5 :-0.000586
Keiser's frame :
0.306659 -0.332526 -0.618237 -0.117994 
-0.138440 0.929926 -0.340694 -0.022936 
0.688204 -0.157049 -0.708315 0.247016 
0.000000 0.000000 0.000000 1.000000 
Luhbot's model torques 
J1: 0.000000
J2: 0.000000
J3: 0.124708
J4: 0.122731
J5: -0.000000

Experiment no. : 42

Robocup-at-work torques :
J1 :0.000000
J2 :2.175271
J3 :-2.261160
J4 :0.539766
J5 :-0.003794
Robocup frame :
[[0.856979    ,0.367852    ,0.360933    ;
 -0.370887   ,0.926495    ,-0.063642   ;
 -0.357814   ,-0.079325   ,0.930418    ]
[0.047287    ,-0.004106   ,0.321846    ]]
Keiser's Torques :
J1 :0.000000
J2 :2.008169
J3 :2.667849
J4 :0.503580
J5 :-0.000586
Keiser's frame :
0.306659 -0.332526 -0.618237 -0.117994 
-0.138440 0.929926 -0.340694 -0.022936 
0.688204 -0.157049 -0.708315 0.247016 
0.000000 0.000000 0.000000 1.000000 
Luhbot's model torques 
J1: 0.000000
J2: 0.000000
J3: 0.124708
J4: 0.122731
J5: -0.000000

Experiment no. : 43

Robocup-at-work torques :
J1 :0.000000
J2 :2.175271
J3 :-2.261160
J4 :0.539766
J5 :-0.003794
Robocup frame :
[[0.856979    ,0.367852    ,0.360933    ;
 -0.370887   ,0.926495    ,-0.063642   ;
 -0.357814   ,-0.079325   ,0.930418    ]
[0.047287    ,-0.004106   ,0.321846    ]]
Keiser's Torques :
J1 :0.000000
J2 :2.008169
J3 :2.667849
J4 :0.503580
J5 :-0.000586
Keiser's frame :
0.306659 -0.332526 -0.618237 -0.117994 
-0.138440 0.929926 -0.340694 -0.022936 
0.688204 -0.157049 -0.708315 0.247016 
0.000000 0.000000 0.000000 1.000000 
Luhbot's model torques 
J1: 0.000000
J2: 0.000000
J3: 0.124708
J4: 0.122731
J5: -0.000000

Experiment no. : 44

Robocup-at-work torques :
J1 :0.000000
J2 :2.175271
J3 :-2.261160
J4 :0.539766
J5 :-0.003794
Robocup frame :
[[0.856979    ,0.367852    ,0.360933    ;
 -0.370887   ,0.926495    ,-0.063642   ;
 -0.357814   ,-0.079325   ,0.930418    ]
[0.047287    ,-0.004106   ,0.321846    ]]
Keiser's Torques :
J1 :0.000000
J2 :2.008169
J3 :2.667849
J4 :0.503580
J5 :-0.000586
Keiser's frame :
0.306659 -0.332526 -0.618237 -0.117994 
-0.138440 0.929926 -0.340694 -0.022936 
0.688204 -0.157049 -0.708315 0.247016 
0.000000 0.000000 0.000000 1.000000 
Luhbot's model torques 
J1: 0.000000
J2: 0.000000
J3: 0.124708
J4: 0.122731
J5: -0.000000

Experiment no. : 45

Robocup-at-work torques :
J1 :0.000000
J2 :2.175271
J3 :-2.261160
J4 :0.539766
J5 :-0.003794
Robocup frame :
[[0.856979    ,0.367852    ,0.360933    ;
 -0.370887   ,0.926495    ,-0.063642   ;
 -0.357814   ,-0.079325   ,0.930418    ]
[0.047287    ,-0.004106   ,0.321846    ]]
Keiser's Torques :
J1 :0.000000
J2 :2.008169
J3 :2.667849
J4 :0.503580
J5 :-0.000586
Keiser's frame :
0.306659 -0.332526 -0.618237 -0.117994 
-0.138440 0.929926 -0.340694 -0.022936 
0.688204 -0.157049 -0.708315 0.247016 
0.000000 0.000000 0.000000 1.000000 
Luhbot's model torques 
J1: 0.000000
J2: 0.000000
J3: 0.124708
J4: 0.122731
J5: -0.000000

Experiment no. : 46

Robocup-at-work torques :
J1 :0.000000
J2 :2.175271
J3 :-2.261160
J4 :0.539766
J5 :-0.003794
Robocup frame :
[[0.856979    ,0.367852    ,0.360933    ;
 -0.370887   ,0.926495    ,-0.063642   ;
 -0.357814   ,-0.079325   ,0.930418    ]
[0.047287    ,-0.004106   ,0.321846    ]]
Keiser's Torques :
J1 :0.000000
J2 :2.008169
J3 :2.667849
J4 :0.503580
J5 :-0.000586
Keiser's frame :
0.306659 -0.332526 -0.618237 -0.117994 
-0.138440 0.929926 -0.340694 -0.022936 
0.688204 -0.157049 -0.708315 0.247016 
0.000000 0.000000 0.000000 1.000000 
Luhbot's model torques 
J1: 0.000000
J2: 0.000000
J3: 0.124708
J4: 0.122731
J5: -0.000000

Experiment no. : 47

Robocup-at-work torques :
J1 :0.000000
J2 :2.175271
J3 :-2.261160
J4 :0.539766
J5 :-0.003794
Robocup frame :
[[0.856979    ,0.367852    ,0.360933    ;
 -0.370887   ,0.926495    ,-0.063642   ;
 -0.357814   ,-0.079325   ,0.930418    ]
[0.047287    ,-0.004106   ,0.321846    ]]
Keiser's Torques :
J1 :0.000000
J2 :2.008169
J3 :2.667849
J4 :0.503580
J5 :-0.000586
Keiser's frame :
0.306659 -0.332526 -0.618237 -0.117994 
-0.138440 0.929926 -0.340694 -0.022936 
0.688204 -0.157049 -0.708315 0.247016 
0.000000 0.000000 0.000000 1.000000 
Luhbot's model torques 
J1: 0.000000
J2: 0.000000
J3: 0.124708
J4: 0.122731
J5: -0.000000

Experiment no. : 48

Robocup-at-work torques :
J1 :0.000000
J2 :2.175271
J3 :-2.261160
J4 :0.539766
J5 :-0.003794
Robocup frame :
[[0.856979    ,0.367852    ,0.360933    ;
 -0.370887   ,0.926495    ,-0.063642   ;
 -0.357814   ,-0.079325   ,0.930418    ]
[0.047287    ,-0.004106   ,0.321846    ]]
Keiser's Torques :
J1 :0.000000
J2 :2.008169
J3 :2.667849
J4 :0.503580
J5 :-0.000586
Keiser's frame :
0.306659 -0.332526 -0.618237 -0.117994 
-0.138440 0.929926 -0.340694 -0.022936 
0.688204 -0.157049 -0.708315 0.247016 
0.000000 0.000000 0.000000 1.000000 
Luhbot's model torques 
J1: 0.000000
J2: 0.000000
J3: 0.124708
J4: 0.122731
J5: -0.000000

Experiment no. : 49

Robocup-at-work torques :
J1 :0.000000
J2 :2.175271
J3 :-2.261160
J4 :0.539766
J5 :-0.003794
Robocup frame :
[[0.856979    ,0.367852    ,0.360933    ;
 -0.370887   ,0.926495    ,-0.063642   ;
 -0.357814   ,-0.079325   ,0.930418    ]
[0.047287    ,-0.004106   ,0.321846    ]]
Keiser's Torques :
J1 :0.000000
J2 :2.008169
J3 :2.667849
J4 :0.503580
J5 :-0.000586
Keiser's frame :
0.306659 -0.332526 -0.618237 -0.117994 
-0.138440 0.929926 -0.340694 -0.022936 
0.688204 -0.157049 -0.708315 0.247016 
0.000000 0.000000 0.000000 1.000000 
Luhbot's model torques 
J1: 0.000000
J2: 0.000000
J3: 0.124708
J4: 0.122731
J5: -0.000000

Experiment no. : 50

Robocup-at-work torques :
J1 :0.000000
J2 :2.175271
J3 :-2.261160
J4 :0.539766
J5 :-0.003794
Robocup frame :
[[0.856979    ,0.367852    ,0.360933    ;
 -0.370887   ,0.926495    ,-0.063642   ;
 -0.357814   ,-0.079325   ,0.930418    ]
[0.047287    ,-0.004106   ,0.321846    ]]
Keiser's Torques :
J1 :0.000000
J2 :2.008169
J3 :2.667849
J4 :0.503580
J5 :-0.000586
Keiser's frame :
0.306659 -0.332526 -0.618237 -0.117994 
-0.138440 0.929926 -0.340694 -0.022936 
0.688204 -0.157049 -0.708315 0.247016 
0.000000 0.000000 0.000000 1.000000 
Luhbot's model torques 
J1: 0.000000
J2: 0.000000
J3: 0.124708
J4: 0.122731
J5: -0.000000

Experiment no. : 51

Robocup-at-work torques :
J1 :0.000000
J2 :2.175271
J3 :-2.261160
J4 :0.539766
J5 :-0.003794
Robocup frame :
[[0.856979    ,0.367852    ,0.360933    ;
 -0.370887   ,0.926495    ,-0.063642   ;
 -0.357814   ,-0.079325   ,0.930418    ]
[0.047287    ,-0.004106   ,0.321846    ]]
Keiser's Torques :
J1 :0.000000
J2 :2.008169
J3 :2.667849
J4 :0.503580
J5 :-0.000586
Keiser's frame :
0.306659 -0.332526 -0.618237 -0.117994 
-0.138440 0.929926 -0.340694 -0.022936 
0.688204 -0.157049 -0.708315 0.247016 
0.000000 0.000000 0.000000 1.000000 
Luhbot's model torques 
J1: 0.000000
J2: 0.000000
J3: 0.124708
J4: 0.122731
J5: -0.000000

Experiment no. : 52

Robocup-at-work torques :
J1 :0.000000
J2 :2.175271
J3 :-2.261160
J4 :0.539766
J5 :-0.003794
Robocup frame :
[[0.856979    ,0.367852    ,0.360933    ;
 -0.370887   ,0.926495    ,-0.063642   ;
 -0.357814   ,-0.079325   ,0.930418    ]
[0.047287    ,-0.004106   ,0.321846    ]]
Keiser's Torques :
J1 :0.000000
J2 :2.008169
J3 :2.667849
J4 :0.503580
J5 :-0.000586
Keiser's frame :
0.306659 -0.332526 -0.618237 -0.117994 
-0.138440 0.929926 -0.340694 -0.022936 
0.688204 -0.157049 -0.708315 0.247016 
0.000000 0.000000 0.000000 1.000000 
Luhbot's model torques 
J1: 0.000000
J2: 0.000000
J3: 0.124708
J4: 0.122731
J5: -0.000000

Experiment no. : 53

Robocup-at-work torques :
J1 :0.000000
J2 :2.175271
J3 :-2.261160
J4 :0.539766
J5 :-0.003794
Robocup frame :
[[0.856979    ,0.367852    ,0.360933    ;
 -0.370887   ,0.926495    ,-0.063642   ;
 -0.357814   ,-0.079325   ,0.930418    ]
[0.047287    ,-0.004106   ,0.321846    ]]
Keiser's Torques :
J1 :0.000000
J2 :2.008169
J3 :2.667849
J4 :0.503580
J5 :-0.000586
Keiser's frame :
0.306659 -0.332526 -0.618237 -0.117994 
-0.138440 0.929926 -0.340694 -0.022936 
0.688204 -0.157049 -0.708315 0.247016 
0.000000 0.000000 0.000000 1.000000 
Luhbot's model torques 
J1: 0.000000
J2: 0.000000
J3: 0.124708
J4: 0.122731
J5: -0.000000

Experiment no. : 54

Robocup-at-work torques :
J1 :0.000000
J2 :2.175271
J3 :-2.261160
J4 :0.539766
J5 :-0.003794
Robocup frame :
[[0.856979    ,0.367852    ,0.360933    ;
 -0.370887   ,0.926495    ,-0.063642   ;
 -0.357814   ,-0.079325   ,0.930418    ]
[0.047287    ,-0.004106   ,0.321846    ]]
Keiser's Torques :
J1 :0.000000
J2 :2.008169
J3 :2.667849
J4 :0.503580
J5 :-0.000586
Keiser's frame :
0.306659 -0.332526 -0.618237 -0.117994 
-0.138440 0.929926 -0.340694 -0.022936 
0.688204 -0.157049 -0.708315 0.247016 
0.000000 0.000000 0.000000 1.000000 
Luhbot's model torques 
J1: 0.000000
J2: 0.000000
J3: 0.124708
J4: 0.122731
J5: -0.000000

Experiment no. : 55

Robocup-at-work torques :
J1 :0.000000
J2 :2.175271
J3 :-2.261160
J4 :0.539766
J5 :-0.003794
Robocup frame :
[[0.856979    ,0.367852    ,0.360933    ;
 -0.370887   ,0.926495    ,-0.063642   ;
 -0.357814   ,-0.079325   ,0.930418    ]
[0.047287    ,-0.004106   ,0.321846    ]]
Keiser's Torques :
J1 :0.000000
J2 :2.008169
J3 :2.667849
J4 :0.503580
J5 :-0.000586
Keiser's frame :
0.306659 -0.332526 -0.618237 -0.117994 
-0.138440 0.929926 -0.340694 -0.022936 
0.688204 -0.157049 -0.708315 0.247016 
0.000000 0.000000 0.000000 1.000000 
Luhbot's model torques 
J1: 0.000000
J2: 0.000000
J3: 0.124708
J4: 0.122731
J5: -0.000000

Experiment no. : 56

Robocup-at-work torques :
J1 :0.000000
J2 :2.175271
J3 :-2.261160
J4 :0.539766
J5 :-0.003794
Robocup frame :
[[0.856979    ,0.367852    ,0.360933    ;
 -0.370887   ,0.926495    ,-0.063642   ;
 -0.357814   ,-0.079325   ,0.930418    ]
[0.047287    ,-0.004106   ,0.321846    ]]
Keiser's Torques :
J1 :0.000000
J2 :2.008169
J3 :2.667849
J4 :0.503580
J5 :-0.000586
Keiser's frame :
0.306659 -0.332526 -0.618237 -0.117994 
-0.138440 0.929926 -0.340694 -0.022936 
0.688204 -0.157049 -0.708315 0.247016 
0.000000 0.000000 0.000000 1.000000 
Luhbot's model torques 
J1: 0.000000
J2: 0.000000
J3: 0.124708
J4: 0.122731
J5: -0.000000

Experiment no. : 57

Robocup-at-work torques :
J1 :0.000000
J2 :2.175271
J3 :-2.261160
J4 :0.539766
J5 :-0.003794
Robocup frame :
[[0.856979    ,0.367852    ,0.360933    ;
 -0.370887   ,0.926495    ,-0.063642   ;
 -0.357814   ,-0.079325   ,0.930418    ]
[0.047287    ,-0.004106   ,0.321846    ]]
Keiser's Torques :
J1 :0.000000
J2 :2.008169
J3 :2.667849
J4 :0.503580
J5 :-0.000586
Keiser's frame :
0.306659 -0.332526 -0.618237 -0.117994 
-0.138440 0.929926 -0.340694 -0.022936 
0.688204 -0.157049 -0.708315 0.247016 
0.000000 0.000000 0.000000 1.000000 
Luhbot's model torques 
J1: 0.000000
J2: 0.000000
J3: 0.124708
J4: 0.122731
J5: -0.000000

Experiment no. : 58

Robocup-at-work torques :
J1 :0.000000
J2 :2.175271
J3 :-2.261160
J4 :0.539766
J5 :-0.003794
Robocup frame :
[[0.856979    ,0.367852    ,0.360933    ;
 -0.370887   ,0.926495    ,-0.063642   ;
 -0.357814   ,-0.079325   ,0.930418    ]
[0.047287    ,-0.004106   ,0.321846    ]]
Keiser's Torques :
J1 :0.000000
J2 :2.008169
J3 :2.667849
J4 :0.503580
J5 :-0.000586
Keiser's frame :
0.306659 -0.332526 -0.618237 -0.117994 
-0.138440 0.929926 -0.340694 -0.022936 
0.688204 -0.157049 -0.708315 0.247016 
0.000000 0.000000 0.000000 1.000000 
Luhbot's model torques 
J1: 0.000000
J2: 0.000000
J3: 0.124708
J4: 0.122731
J5: -0.000000

Experiment no. : 59

Robocup-at-work torques :
J1 :0.000000
J2 :2.175271
J3 :-2.261160
J4 :0.539766
J5 :-0.003794
Robocup frame :
[[0.856979    ,0.367852    ,0.360933    ;
 -0.370887   ,0.926495    ,-0.063642   ;
 -0.357814   ,-0.079325   ,0.930418    ]
[0.047287    ,-0.004106   ,0.321846    ]]
Keiser's Torques :
J1 :0.000000
J2 :2.008169
J3 :2.667849
J4 :0.503580
J5 :-0.000586
Keiser's frame :
0.306659 -0.332526 -0.618237 -0.117994 
-0.138440 0.929926 -0.340694 -0.022936 
0.688204 -0.157049 -0.708315 0.247016 
0.000000 0.000000 0.000000 1.000000 
Luhbot's model torques 
J1: 0.000000
J2: 0.000000
J3: 0.124708
J4: 0.122731
J5: -0.000000

Experiment no. : 60

Robocup-at-work torques :
J1 :0.000000
J2 :2.175271
J3 :-2.261160
J4 :0.539766
J5 :-0.003794
Robocup frame :
[[0.856979    ,0.367852    ,0.360933    ;
 -0.370887   ,0.926495    ,-0.063642   ;
 -0.357814   ,-0.079325   ,0.930418    ]
[0.047287    ,-0.004106   ,0.321846    ]]
Keiser's Torques :
J1 :0.000000
J2 :2.008169
J3 :2.667849
J4 :0.503580
J5 :-0.000586
Keiser's frame :
0.306659 -0.332526 -0.618237 -0.117994 
-0.138440 0.929926 -0.340694 -0.022936 
0.688204 -0.157049 -0.708315 0.247016 
0.000000 0.000000 0.000000 1.000000 
Luhbot's model torques 
J1: 0.000000
J2: 0.000000
J3: 0.124708
J4: 0.122731
J5: -0.000000

Experiment no. : 61

Robocup-at-work torques :
J1 :0.000000
J2 :2.175271
J3 :-2.261160
J4 :0.539766
J5 :-0.003794
Robocup frame :
[[0.856979    ,0.367852    ,0.360933    ;
 -0.370887   ,0.926495    ,-0.063642   ;
 -0.357814   ,-0.079325   ,0.930418    ]
[0.047287    ,-0.004106   ,0.321846    ]]
Keiser's Torques :
J1 :0.000000
J2 :2.008169
J3 :2.667849
J4 :0.503580
J5 :-0.000586
Keiser's frame :
0.306659 -0.332526 -0.618237 -0.117994 
-0.138440 0.929926 -0.340694 -0.022936 
0.688204 -0.157049 -0.708315 0.247016 
0.000000 0.000000 0.000000 1.000000 
Luhbot's model torques 
J1: 0.000000
J2: 0.000000
J3: 0.124708
J4: 0.122731
J5: -0.000000

Experiment no. : 62

