
Experiment no. : 0

Robocup-at-work torques :
J1 :-0.000020
J2 :0.335928
J3 :0.013800
J4 :0.072368
J5 :0.000569
Robocup frame :
[[0.998705    ,-0.037068   ,-0.034848   ;
 0.037085    ,0.999312    ,-0.000159   ;
 0.034830    ,-0.001134   ,0.999393    ]
[0.039546    ,0.000071    ,0.534179    ]]
Keiser's Torques :
J1 :0.047048
J2 :0.458158
J3 :0.017737
J4 :0.047268
J5 :0.046926
Keiser's frame :
-0.257865 0.018500 -0.965726 -0.064825 
-0.003343 0.999793 0.020049 -0.000837 
0.965897 0.008419 -0.258789 0.644328 
0.000000 0.000000 0.000000 1.000000 
Luhbot's model torques 
J1: 0.000000
J2: -1.304079
J3: 1.834095
J4: -0.555421
J5: 0.000000

Experiment no. : 1

Robocup-at-work torques :
J1 :0.000869
J2 :0.145464
J3 :-0.115661
J4 :0.024116
J5 :-0.000147
Robocup frame :
[[0.999674    ,-0.009745   ,-0.023603   ;
 0.009745    ,0.999953    ,-0.000107   ;
 0.023603    ,-0.000123   ,0.999721    ]
[0.042473    ,0.000084    ,0.534203    ]]
Keiser's Torques :
J1 :-0.054989
J2 :0.218951
J3 :0.191329
J4 :-0.028820
J5 :-0.054445
Keiser's frame :
-0.267922 -0.007931 -0.963107 -0.068460 
-0.003473 0.999968 -0.007264 -0.000884 
0.963133 0.001391 -0.269021 0.643420 
0.000000 0.000000 0.000000 1.000000 
Luhbot's model torques 
J1: 0.000000
J2: -1.324300
J3: 1.813873
J4: -0.569905
J5: 0.000000

Experiment no. : 2

Robocup-at-work torques :
J1 :-0.000096
J2 :0.260417
J3 :-0.057236
J4 :0.046851
J5 :0.000228
Robocup frame :
[[0.999795    ,0.007442    ,-0.018814   ;
 -0.007445   ,0.999972    ,-0.000086   ;
 0.018813    ,0.000226    ,0.999823    ]
[0.043640    ,0.000089    ,0.534207    ]]
Keiser's Torques :
J1 :0.002443
J2 :0.375257
J3 :0.096184
J4 :0.020404
J5 :0.002416
Keiser's frame :
-0.270828 -0.024474 -0.962009 -0.069594 
-0.003511 0.999695 -0.024441 -0.000899 
0.962314 -0.003269 -0.271922 0.643130 
0.000000 0.000000 0.000000 1.000000 
Luhbot's model torques 
J1: 0.000000
J2: -1.332853
J3: 1.805423
J4: -0.576188
J5: 0.000000

Experiment no. : 3

Robocup-at-work torques :
J1 :0.000039
J2 :0.244636
J3 :-0.066488
J4 :0.042106
J5 :0.000170
Robocup frame :
[[0.999811    ,0.006842    ,-0.018185   ;
 -0.006844   ,0.999977    ,-0.000083   ;
 0.018184    ,0.000207    ,0.999835    ]
[0.043670    ,0.000089    ,0.534212    ]]
Keiser's Torques :
J1 :-0.003740
J2 :0.353026
J3 :0.111553
J4 :0.010233
J5 :-0.003753
Keiser's frame :
-0.269534 -0.023901 -0.962390 -0.069266 
-0.003494 0.999710 -0.023846 -0.000894 
0.962680 -0.003091 -0.270624 0.643220 
0.000000 0.000000 0.000000 1.000000 
Luhbot's model torques 
J1: 0.000000
J2: -1.333365
J3: 1.804894
J4: -0.576921
J5: 0.000000

Experiment no. : 4

Robocup-at-work torques :
J1 :0.004424
J2 :0.392322
J3 :0.011510
J4 :0.069814
J5 :0.000289
Robocup frame :
[[0.999818    ,0.005582    ,-0.018255   ;
 -0.005585   ,0.999984    ,-0.000083   ;
 0.018254    ,0.000185    ,0.999833    ]
[0.043653    ,0.000089    ,0.534212    ]]
Keiser's Torques :
J1 :-0.010096
J2 :0.535476
J3 :0.011023
J4 :0.048213
J5 :-0.030428
Keiser's frame :
-0.269448 -0.022689 -0.962443 -0.069234 
-0.003493 0.999739 -0.022587 -0.000894 
0.962704 -0.002749 -0.270542 0.643229 
0.000000 0.000000 0.000000 1.000000 
Luhbot's model torques 
J1: 0.000000
J2: -1.333220
J3: 1.805055
J4: -0.576798
J5: 0.000000

Experiment no. : 5

Robocup-at-work torques :
J1 :0.019515
J2 :0.614281
J3 :0.129011
J4 :0.111140
J5 :0.000602
Robocup frame :
[[0.999824    ,-0.008195   ,-0.016875   ;
 0.008196    ,0.999966    ,-0.000053   ;
 0.016875    ,-0.000085   ,0.999858    ]
[0.044520    ,0.000064    ,0.534239    ]]
Keiser's Torques :
J1 :0.045234
J2 :0.804276
J3 :-0.130536
J4 :0.090547
J5 :-0.030472
Keiser's frame :
-0.268125 -0.009476 -0.963054 -0.068243 
-0.003857 0.999954 -0.008761 -0.000978 
0.963093 0.001357 -0.269166 0.643417 
0.000000 0.000000 0.000000 1.000000 
Luhbot's model torques 
J1: 0.000000
J2: -1.339719
J3: 1.802602
J4: -0.577947
J5: 0.000000

Experiment no. : 6

Robocup-at-work torques :
J1 :0.015582
J2 :0.470940
J3 :0.085404
J4 :0.119371
J5 :0.000710
Robocup frame :
[[0.999007    ,-0.041858   ,-0.015254   ;
 0.041866    ,0.999123    ,0.000206    ;
 0.015232    ,-0.000845   ,0.999884    ]
[0.050328    ,-0.000356   ,0.534345    ]]
Keiser's Torques :
J1 :0.030074
J2 :0.685088
J3 :-0.121545
J4 :0.145132
J5 :-0.018087
Keiser's frame :
-0.268258 0.022350 -0.962945 -0.062792 
-0.008329 0.999639 0.025527 -0.001946 
0.963168 0.014881 -0.268487 0.644174 
0.000000 0.000000 0.000000 1.000000 
Luhbot's model torques 
J1: 0.000000
J2: -1.382748
J3: 1.791155
J4: -0.577989
J5: 0.000000

Experiment no. : 7

Robocup-at-work torques :
J1 :0.046383
J2 :0.507734
J3 :0.123705
J4 :0.151359
J5 :0.001340
Robocup frame :
[[0.997119    ,-0.075843   ,-0.001575   ;
 0.075843    ,0.997120    ,0.000057    ;
 0.001566    ,-0.000177   ,0.999999    ]
[0.059780    ,-0.001305   ,0.534310    ]]
Keiser's Torques :
J1 :0.207522
J2 :0.780274
J3 :-0.200054
J4 :0.207946
J5 :0.098085
Keiser's frame :
-0.264991 0.054387 -0.962749 -0.055623 
-0.014293 0.998077 0.060315 -0.003002 
0.964178 0.029736 -0.263585 0.645096 
0.000000 0.000000 0.000000 1.000000 
Luhbot's model torques 
J1: 0.000000
J2: -1.453641
J3: 1.758869
J4: -0.591664
J5: 0.000000

Experiment no. : 8

Robocup-at-work torques :
J1 :0.086647
J2 :-1.368914
J3 :-0.841921
J4 :-0.170635
J5 :-0.001428
Robocup frame :
[[0.990413    ,-0.111942   ,0.080941    ;
 0.113135    ,0.993526    ,-0.010296   ;
 -0.079265   ,0.019354    ,0.996666    ]
[0.098195    ,-0.009438   ,0.531999    ]]
Keiser's Torques :
J1 :0.075823
J2 :-1.416115
J3 :1.013391
J4 :-0.254789
J5 :0.016284
Keiser's frame :
-0.217903 0.089683 -0.972296 -0.021661 
-0.031297 0.994626 0.098691 -0.003141 
0.975921 0.051734 -0.211898 0.649038 
0.000000 0.000000 0.000000 1.000000 
Luhbot's model torques 
J1: 0.000000
J2: -1.753602
J3: 1.584664
J4: -0.680836
J5: 0.000000

Experiment no. : 9

Robocup-at-work torques :
J1 :0.078333
J2 :-1.635882
J3 :-0.940221
J4 :-0.180277
J5 :-0.001507
Robocup frame :
[[0.986994    ,-0.090555   ,0.132824    ;
 0.095121    ,0.995060    ,-0.028430   ;
 -0.129594   ,0.040695    ,0.990732    ]
[0.123209    ,-0.021235   ,0.528306    ]]
Keiser's Torques :
J1 :0.049778
J2 :-1.624629
J3 :1.064545
J4 :-0.217290
J5 :0.007749
Keiser's frame :
-0.177790 0.071141 -0.982132 0.004431 
-0.040486 0.996026 0.079330 0.001030 
0.983872 0.053584 -0.170657 0.650591 
0.000000 0.000000 0.000000 1.000000 
Luhbot's model torques 
J1: 0.000000
J2: -1.956938
J3: 1.455958
J4: -0.737133
J5: 0.000000

Experiment no. : 10

Robocup-at-work torques :
J1 :0.086225
J2 :-2.124816
J3 :-1.140193
J4 :-0.224544
J5 :-0.001818
Robocup frame :
[[0.984012    ,-0.064367   ,0.166064    ;
 0.074006    ,0.995874    ,-0.052520   ;
 -0.161998   ,0.063970    ,0.984715    ]
[0.141727    ,-0.037233   ,0.523887    ]]
Keiser's Torques :
J1 :0.045199
J2 :-2.118357
J3 :1.255225
J4 :-0.236089
J5 :0.002325
Keiser's frame :
-0.141669 0.048651 -0.989477 0.027648 
-0.045727 0.997420 0.055339 0.009278 
0.989617 0.052786 -0.133686 0.650706 
0.000000 0.000000 0.000000 1.000000 
Luhbot's model torques 
J1: 0.000000
J2: -2.118849
J3: 1.349410
J4: -0.773660
J5: 0.000000

Experiment no. : 11

Robocup-at-work torques :
J1 :0.113871
J2 :-2.809435
J3 :-1.472491
J4 :-0.326725
J5 :-0.002488
Robocup frame :
[[0.978413    ,-0.033436   ,0.203935    ;
 0.052247    ,0.994788    ,-0.087567   ;
 -0.199944   ,0.096332    ,0.975060    ]
[0.159421    ,-0.058148   ,0.517638    ]]
Keiser's Torques :
J1 :0.075375
J2 :-2.894246
J3 :1.662978
J4 :-0.378922
J5 :0.008439
Keiser's frame :
-0.107076 0.023507 -0.994682 0.048148 
-0.045145 0.998584 0.028150 0.021678 
0.993935 0.047728 -0.099070 0.649537 
0.000000 0.000000 0.000000 1.000000 
Luhbot's model torques 
J1: 0.000000
J2: -2.294009
J3: 1.217671
J4: -0.818797
J5: 0.000000

Experiment no. : 12

Robocup-at-work torques :
J1 :0.121158
J2 :-3.427412
J3 :-1.760187
J4 :-0.410169
J5 :-0.002972
Robocup frame :
[[0.972111    ,0.003880    ,0.234490    ;
 0.027569    ,0.991040    ,-0.130691   ;
 -0.232896   ,0.133510    ,0.963293    ]
[0.172740    ,-0.082899   ,0.510175    ]]
Keiser's Torques :
J1 :0.078157
J2 :-3.560004
J3 :1.977643
J4 :-0.460982
J5 :0.004093
Keiser's frame :
-0.074336 -0.006715 -0.997727 0.065223 
-0.038922 0.999234 -0.004109 0.037859 
0.996990 0.038558 -0.067265 0.647288 
0.000000 0.000000 0.000000 1.000000 
Luhbot's model torques 
J1: 0.000000
J2: -2.459720
J3: 1.081795
J4: -0.861103
J5: 0.000000

Experiment no. : 13

Robocup-at-work torques :
J1 :0.109807
J2 :-3.420169
J3 :-1.713475
J4 :-0.373111
J5 :-0.002618
Robocup frame :
[[0.965480    ,0.046486    ,0.256297    ;
 0.000907    ,0.983341    ,-0.181768   ;
 -0.260477   ,0.175726    ,0.949354    ]
[0.181659    ,-0.111813   ,0.501145    ]]
Keiser's Torques :
J1 :0.077086
J2 :-3.458879
J3 :1.858813
J4 :-0.366692
J5 :-0.000057
Keiser's frame :
-0.038913 -0.041245 -0.998592 0.080354 
-0.024546 0.998881 -0.040437 0.059123 
0.999142 0.023163 -0.034336 0.643716 
0.000000 0.000000 0.000000 1.000000 
Luhbot's model torques 
J1: 0.000000
J2: -2.622029
J3: 0.937814
J4: -0.901036
J5: 0.000000

Experiment no. : 14

Robocup-at-work torques :
J1 :0.160547
J2 :-4.096497
J3 :-2.028868
J4 :-0.472386
J5 :-0.003159
Robocup frame :
[[0.958427    ,0.092894    ,0.269791    ;
 -0.026486   ,0.970403    ,-0.240036   ;
 -0.284104   ,0.222911    ,0.932521    ]
[0.185537    ,-0.143721   ,0.490501    ]]
Keiser's Torques :
J1 :0.116121
J2 :-4.211293
J3 :2.225198
J4 :-0.485420
J5 :0.000353
Keiser's frame :
-0.004060 -0.079221 -0.996852 0.091326 
-0.003002 0.996853 -0.079212 0.084156 
0.999990 0.002734 -0.003485 0.638837 
0.000000 0.000000 0.000000 1.000000 
Luhbot's model torques 
J1: 0.000000
J2: -2.781471
J3: 0.783153
J4: -0.940818
J5: 0.000000

Experiment no. : 15

Robocup-at-work torques :
J1 :0.179895
J2 :-4.911435
J3 :-2.419341
J4 :-0.600970
J5 :-0.003710
Robocup frame :
[[0.952245    ,0.139962    ,0.271367    ;
 -0.053751   ,0.951713    ,-0.302247   ;
 -0.300566   ,0.273227    ,0.913787    ]
[0.183162    ,-0.177273   ,0.478585    ]]
Keiser's Torques :
J1 :0.139078
J2 :-5.144993
J3 :2.698996
J4 :-0.652858
J5 :0.008610
Keiser's frame :
0.029008 -0.118834 -0.992684 0.097156 
0.024637 0.992672 -0.118303 0.112088 
0.999468 -0.021931 0.024126 0.632687 
0.000000 0.000000 0.000000 1.000000 
Luhbot's model torques 
J1: 0.000000
J2: -2.930832
J3: 0.624673
J4: -0.977434
J5: 0.000000

Experiment no. : 16

Robocup-at-work torques :
J1 :0.137258
J2 :-5.485553
J3 :-2.684758
J4 :-0.685085
J5 :-0.003879
Robocup frame :
[[0.945926    ,0.192116    ,0.261372    ;
 -0.086424   ,0.925888    ,-0.367779   ;
 -0.312658   ,0.325303    ,0.892425    ]
[0.174146    ,-0.211272   ,0.465576    ]]
Keiser's Torques :
J1 :0.105629
J2 :-5.777813
J3 :2.998369
J4 :-0.742224
J5 :0.004996
Keiser's frame :
0.058684 -0.165407 -0.985473 0.096625 
0.056254 0.985000 -0.163129 0.141116 
0.997673 -0.049153 0.047245 0.625646 
0.000000 0.000000 0.000000 1.000000 
Luhbot's model torques 
J1: 0.000000
J2: -3.071988
J3: 0.461627
J4: -1.013246
J5: 0.000000

Experiment no. : 17

Robocup-at-work torques :
J1 :0.063681
J2 :-6.221256
J3 :-3.034788
J4 :-0.802732
J5 :-0.004105
Robocup frame :
[[0.939176    ,0.245695    ,0.239964    ;
 -0.123855   ,0.894001    ,-0.430608   ;
 -0.320326   ,0.374696    ,0.870054    ]
[0.159497    ,-0.243145   ,0.452102    ]]
Keiser's Torques :
J1 :0.050694
J2 :-6.622941
J3 :3.417671
J4 :-0.888821
J5 :0.008109
Keiser's frame :
0.087664 -0.216730 -0.974961 0.091209 
0.093156 0.972924 -0.211519 0.170610 
0.994405 -0.080289 0.068643 0.617628 
0.000000 0.000000 0.000000 1.000000 
Luhbot's model torques 
J1: 0.000000
J2: -3.196357
J3: 0.304030
J4: -1.045823
J5: 0.000000

Experiment no. : 18

Robocup-at-work torques :
J1 :-0.016257
J2 :-5.977635
J3 :-2.880237
J4 :-0.741751
J5 :-0.003521
Robocup frame :
[[0.931606    ,0.297874    ,0.208280    ;
 -0.165468   ,0.857782    ,-0.486653   ;
 -0.323620   ,0.418905    ,0.848404    ]
[0.139929    ,-0.270871   ,0.439307    ]]
Keiser's Torques :
J1 :-0.017903
J2 :-6.284827
J3 :3.196134
J4 :-0.787275
J5 :-0.006830
Keiser's frame :
0.111354 -0.270464 -0.961297 0.080371 
0.128841 0.956414 -0.262054 0.197239 
0.990275 -0.110097 0.085059 0.609639 
0.000000 0.000000 0.000000 1.000000 
Luhbot's model torques 
J1: 0.000000
J2: -3.299551
J3: 0.161765
J4: -1.073485
J5: 0.000000

Experiment no. : 19

Robocup-at-work torques :
J1 :-0.054677
J2 :-6.612609
J3 :-3.184979
J4 :-0.847321
J5 :-0.003690
Robocup frame :
[[0.924102    ,0.342254    ,0.169995    ;
 -0.205899   ,0.820676    ,-0.533008   ;
 -0.321935   ,0.457552    ,0.828857    ]
[0.117748    ,-0.293943   ,0.427240    ]]
Keiser's Torques :
J1 :-0.045239
J2 :-7.030905
J3 :3.574198
J4 :-0.927312
J5 :0.000426
Keiser's frame :
0.130405 -0.319738 -0.946262 0.066187 
0.161886 0.937370 -0.308431 0.220767 
0.985615 -0.138217 0.097256 0.601565 
0.000000 0.000000 0.000000 1.000000 
Luhbot's model torques 
J1: 0.000000
J2: -3.383517
J3: -0.007893
J4: -1.095457
J5: 0.000000

Experiment no. : 20

Robocup-at-work torques :
J1 :-0.071542
J2 :-6.664135
J3 :-3.184800
J4 :-0.840775
J5 :-0.003477
Robocup frame :
[[0.913955    ,0.384555    ,0.129628    ;
 -0.249065   ,0.783734    ,-0.568971   ;
 -0.320395   ,0.487728    ,0.812077    ]
[0.094895    ,-0.311174   ,0.417267    ]]
Keiser's Torques :
J1 :-0.064149
J2 :-7.044479
J3 :3.531536
J4 :-0.878382
J5 :-0.006055
Keiser's frame :
0.143908 -0.369195 -0.928514 0.050000 
0.188284 0.915338 -0.355956 0.238623 
0.981322 -0.160782 0.105626 0.594842 
0.000000 0.000000 0.000000 1.000000 
Luhbot's model torques 
J1: 0.000000
J2: -3.447301
J3: -0.152829
J4: -1.112962
J5: 0.000000

Experiment no. : 21

Robocup-at-work torques :
J1 :-0.218510
J2 :-6.770736
J3 :-3.223988
J4 :-0.854676
J5 :-0.003020
Robocup frame :
[[0.905767    ,0.414307    ,0.089084    ;
 -0.283315   ,0.748349    ,-0.599756   ;
 -0.315149   ,0.518000    ,0.795209    ]
[0.072321    ,-0.325318   ,0.407481    ]]
Keiser's Torques :
J1 :-0.151907
J2 :-7.160155
J3 :3.575958
J4 :-0.895024
J5 :0.029680
Keiser's frame :
0.155683 -0.407237 -0.912898 0.033214 
0.212913 0.894711 -0.392632 0.254058 
0.976675 -0.183439 0.111610 0.588135 
0.000000 0.000000 0.000000 1.000000 
Luhbot's model torques 
J1: 0.000000
J2: -3.504345
J3: -0.250685
J4: -1.128813
J5: 0.000000

Experiment no. : 22

Robocup-at-work torques :
J1 :-0.177757
J2 :-6.983241
J3 :-3.319462
J4 :-0.890612
J5 :-0.003292
Robocup frame :
[[0.890591    ,0.451744    ,0.052677    ;
 -0.323479   ,0.710585    ,-0.624844   ;
 -0.319701   ,0.539441    ,0.778970    ]
[0.052324    ,-0.335975   ,0.398725    ]]
Keiser's Torques :
J1 :-0.154472
J2 :-7.402039
J3 :3.688332
J4 :-0.937925
J5 :-0.012125
Keiser's frame :
0.167901 -0.453093 -0.891322 0.017845 
0.237873 0.867552 -0.436773 0.267361 
0.971167 -0.205086 0.121552 0.581673 
0.000000 0.000000 0.000000 1.000000 
Luhbot's model torques 
J1: 0.000000
J2: -3.550622
J3: -0.335706
J4: -1.144483
J5: 0.000000

Experiment no. : 23

Robocup-at-work torques :
J1 :-0.006837
J2 :-7.253585
J3 :-3.447509
J4 :-0.942354
J5 :-0.003697
Robocup frame :
[[0.873484    ,0.486305    ,0.023106    ;
 -0.356889   ,0.671867    ,-0.649019   ;
 -0.331145   ,0.558661    ,0.760422    ]
[0.036286    ,-0.345098   ,0.389722    ]]
Keiser's Torques :
J1 :-0.014430
J2 :-7.716889
J3 :3.847447
J4 :-1.008505
J5 :-0.007008
Keiser's frame :
0.182088 -0.494812 -0.868986 0.005085 
0.266476 0.838211 -0.475807 0.280478 
0.963830 -0.229265 0.135905 0.574625 
0.000000 0.000000 0.000000 1.000000 
Luhbot's model torques 
J1: 0.000000
J2: -3.593833
J3: -0.419976
J4: -1.161852
J5: 0.000000

Experiment no. : 24

Robocup-at-work torques :
J1 :0.001671
J2 :-7.353010
J3 :-3.493202
J4 :-0.961479
J5 :-0.003830
Robocup frame :
[[0.863986    ,0.503489    ,0.005244    ;
 -0.375289   ,0.650869    ,-0.659946   ;
 -0.335688   ,0.568216    ,0.751295    ]
[0.026775    ,-0.349170   ,0.385252    ]]
Keiser's Torques :
J1 :-0.020649
J2 :-7.830195
J3 :3.903141
J4 :-1.034435
J5 :-0.023926
Keiser's frame :
0.188219 -0.516508 -0.856278 -0.002726 
0.279782 0.821700 -0.496520 0.286483 
0.960060 -0.240893 0.142322 0.571079 
0.000000 0.000000 0.000000 1.000000 
Luhbot's model torques 
J1: 0.000000
J2: -3.613719
J3: -0.460937
J4: -1.169718
J5: 0.000000

Experiment no. : 25

Robocup-at-work torques :
J1 :-0.061957
J2 :-7.281171
J3 :-3.440208
J4 :-0.937746
J5 :-0.003315
Robocup frame :
[[0.857528    ,0.513150    ,-0.036377   ;
 -0.402198   ,0.624665    ,-0.669350   ;
 -0.320753   ,0.588617    ,0.742056    ]
[0.004783    ,-0.353602   ,0.379046    ]]
Keiser's Torques :
J1 :-0.045327
J2 :-7.712295
J3 :3.808138
J4 :-0.974425
J5 :0.010399
Keiser's frame :
0.189307 -0.537574 -0.842964 -0.020950 
0.287099 0.804446 -0.520039 0.291477 
0.957679 -0.252745 0.137736 0.566864 
0.000000 0.000000 0.000000 1.000000 
Luhbot's model torques 
J1: 0.000000
J2: -3.641266
J3: -0.519285
J4: -1.175026
J5: 0.000000

Experiment no. : 26

Robocup-at-work torques :
J1 :-0.174678
J2 :-7.517952
J3 :-3.561201
J4 :-0.981139
J5 :-0.003165
Robocup frame :
[[0.851990    ,0.519843    ,-0.062258   ;
 -0.421045   ,0.609631    ,-0.671618   ;
 -0.311182   ,0.598426    ,0.738277    ]
[-0.008895   ,-0.354859   ,0.376084    ]]
Keiser's Torques :
J1 :-0.131315
J2 :-8.009799
J3 :3.975345
J4 :-1.048675
J5 :0.019205
Keiser's frame :
0.189215 -0.551684 -0.833442 -0.032340 
0.289262 0.793084 -0.536047 0.293099 
0.956718 -0.258192 0.134269 0.564790 
0.000000 0.000000 0.000000 1.000000 
Luhbot's model torques 
J1: 0.000000
J2: -3.653143
J3: -0.546815
J4: -1.176765
J5: 0.000000

Experiment no. : 27

Robocup-at-work torques :
J1 :-0.363928
J2 :-7.328021
J3 :-3.459434
J4 :-0.944317
J5 :-0.002885
Robocup frame :
[[0.840410    ,0.535422    ,-0.083877   ;
 -0.444451   ,0.592347    ,-0.672003   ;
 -0.310121   ,0.602037    ,0.735783    ]
[-0.020259   ,-0.354590   ,0.374885    ]]
Keiser's Torques :
J1 :-0.310108
J2 :-7.773355
J3 :3.838052
J4 :-0.989917
J5 :-0.016606
Keiser's frame :
0.190555 -0.573301 -0.818291 -0.041833 
0.291388 0.776442 -0.558777 0.293383 
0.955702 -0.261656 0.134793 0.563851 
0.000000 0.000000 0.000000 1.000000 
Luhbot's model torques 
J1: 0.000000
J2: -3.657833
J3: -0.557350
J4: -1.178512
J5: 0.000000

Experiment no. : 28

Robocup-at-work torques :
J1 :-0.144824
J2 :-7.322906
J3 :-3.456581
J4 :-0.943057
J5 :-0.003090
Robocup frame :
[[0.832711    ,0.545564    ,-0.094617   ;
 -0.458357   ,0.583308    ,-0.670568   ;
 -0.310647   ,0.601757    ,0.735790    ]
[-0.025926   ,-0.353834   ,0.374888    ]]
Keiser's Torques :
J1 :-0.114518
J2 :-7.767521
J3 :3.835004
J4 :-0.988795
J5 :0.008037
Keiser's frame :
0.190551 -0.586363 -0.808730 -0.046521 
0.290677 0.766669 -0.572473 0.292672 
0.955705 -0.261529 0.135019 0.563854 
0.000000 0.000000 0.000000 1.000000 
Luhbot's model torques 
J1: 0.000000
J2: -3.657881
J3: -0.557381
J4: -1.178567
J5: 0.000000

Experiment no. : 29

Robocup-at-work torques :
J1 :-0.185574
J2 :-7.322138
J3 :-3.456315
J4 :-0.942932
J5 :-0.003190
Robocup frame :
[[0.827777    ,0.552973    ,-0.094898   ;
 -0.463721   ,0.579098    ,-0.670528   ;
 -0.315829   ,0.599054    ,0.735790    ]
[-0.026074   ,-0.353813   ,0.374888    ]]
Keiser's Torques :
J1 :-0.168590
J2 :-7.766634
J3 :3.834539
J4 :-0.988523
J5 :-0.020407
Keiser's frame :
0.190551 -0.593640 -0.803396 -0.046644 
0.290657 0.761451 -0.579406 0.292652 
0.955705 -0.260354 0.137271 0.563854 
0.000000 0.000000 0.000000 1.000000 
Luhbot's model torques 
J1: 0.000000
J2: -3.658474
J3: -0.557974
J4: -1.179160
J5: 0.000000

Experiment no. : 30

Robocup-at-work torques :
J1 :0.007617
J2 :-7.325046
J3 :-3.457430
J4 :-0.943537
J5 :-0.003373
Robocup frame :
[[0.828882    ,0.551878    ,-0.091570   ;
 -0.460863   ,0.580850    ,-0.670983   ;
 -0.317113   ,0.598367    ,0.735797    ]
[-0.024318   ,-0.354055   ,0.374892    ]]
Keiser's Torques :
J1 :0.006295
J2 :-7.767668
J3 :3.834948
J4 :-0.988929
J5 :0.004599
Keiser's frame :
0.190547 -0.591588 -0.804990 -0.045191 
0.290874 0.763149 -0.577057 0.292876 
0.955708 -0.260050 0.137826 0.563857 
0.000000 0.000000 0.000000 1.000000 
Luhbot's model torques 
J1: 0.000000
J2: -3.658609
J3: -0.558093
J4: -1.179302
J5: 0.000000

Experiment no. : 31

Robocup-at-work torques :
J1 :-0.053496
J2 :-7.282308
J3 :-3.432621
J4 :-0.933514
J5 :-0.003280
Robocup frame :
[[0.833712    ,0.545684    ,-0.084582   ;
 -0.452121   ,0.586615    ,-0.671915   ;
 -0.317036   ,0.598424    ,0.735783    ]
[-0.020630   ,-0.354540   ,0.374890    ]]
Keiser's Torques :
J1 :-0.048190
J2 :-7.708410
J3 :3.794453
J4 :-0.966446
J5 :-0.002499
Keiser's frame :
0.190559 -0.583498 -0.811035 -0.042140 
0.291344 0.769341 -0.568536 0.293335 
0.955702 -0.260086 0.137798 0.563855 
0.000000 0.000000 0.000000 1.000000 
Luhbot's model torques 
J1: 0.000000
J2: -3.658610
J3: -0.558094
J4: -1.179303
J5: 0.000000

Experiment no. : 32

Robocup-at-work torques :
J1 :-0.320612
J2 :-7.106254
J3 :-3.317243
J4 :-0.879250
J5 :-0.002983
Robocup frame :
[[0.839052    ,0.538498    ,-0.077537   ;
 -0.442211   ,0.592007    ,-0.673778   ;
 -0.316926   ,0.599622    ,0.734854    ]
[-0.016872   ,-0.355167   ,0.374690    ]]
Keiser's Torques :
J1 :-0.320891
J2 :-7.408852
J3 :3.548596
J4 :-0.789122
J5 :-0.079130
Keiser's frame :
0.190408 -0.574488 -0.817597 -0.038993 
0.291518 0.776124 -0.559151 0.293609 
0.955782 -0.259992 0.137425 0.563953 
0.000000 0.000000 0.000000 1.000000 
Luhbot's model torques 
J1: 0.000000
J2: -3.661152
J3: -0.560523
J4: -1.179978
J5: 0.000000

Experiment no. : 33

Robocup-at-work torques :
J1 :-0.419517
J2 :-7.806834
J3 :-3.747938
J4 :-1.067282
J5 :-0.003059
Robocup frame :
[[0.862638    ,0.501533    ,-0.065732   ;
 -0.397614   ,0.592020    ,-0.701010   ;
 -0.312666   ,0.630854    ,0.710115    ]
[-0.009716   ,-0.359567   ,0.370620    ]]
Keiser's Torques :
J1 :-0.350051
J2 :-8.354991
J3 :4.199784
J4 :-1.150152
J5 :-0.004833
Keiser's frame :
0.189802 -0.536279 -0.843425 -0.032349 
0.289294 0.802736 -0.521462 0.290353 
0.956697 -0.260805 0.129270 0.566889 
0.000000 0.000000 0.000000 1.000000 
Luhbot's model torques 
J1: 0.000000
J2: -3.719162
J3: -0.608919
J4: -1.196874
J5: 0.000000

Experiment no. : 34

Robocup-at-work torques :
J1 :-0.405970
J2 :-7.704400
J3 :-3.773742
J4 :-1.119262
J5 :-0.002865
Robocup frame :
[[0.900907    ,0.432238    ,-0.039194   ;
 -0.313099   ,0.584727    ,-0.748374   ;
 -0.300558   ,0.686487    ,0.662118    ]
[0.004915    ,-0.364409   ,0.366690    ]]
Keiser's Torques :
J1 :-0.341097
J2 :-8.230531
J3 :4.222773
J4 :-1.209596
J5 :-0.004448
Keiser's frame :
0.198071 -0.461139 -0.887089 -0.019818 
0.294534 0.845104 -0.446149 0.283525 
0.955419 -0.270463 0.118423 0.573721 
0.000000 0.000000 0.000000 1.000000 
Luhbot's model torques 
J1: 0.000000
J2: -3.799203
J3: -0.650177
J4: -1.224595
J5: 0.000000

Experiment no. : 35

Robocup-at-work torques :
J1 :-0.222925
J2 :-7.249098
J3 :-3.600012
J4 :-1.081784
J5 :-0.002772
Robocup frame :
[[0.932425    ,0.361249    ,0.009112    ;
 -0.223154   ,0.595453    ,-0.771776   ;
 -0.284229   ,0.717590    ,0.635829    ]
[0.028280    ,-0.362497   ,0.369886    ]]
Keiser's Torques :
J1 :-0.199621
J2 :-7.644985
J3 :3.952230
J4 :-1.104847
J5 :-0.018905
Keiser's frame :
0.196324 -0.373318 -0.927702 -0.001520 
0.280136 0.890393 -0.358783 0.268808 
0.959959 -0.260451 0.103169 0.583869 
0.000000 0.000000 0.000000 1.000000 
Luhbot's model torques 
J1: 0.000000
J2: -3.833048
J3: -0.624783
J4: -1.236749
J5: 0.000000

Experiment no. : 36

Robocup-at-work torques :
J1 :-0.105791
J2 :-7.083697
J3 :-3.595857
J4 :-1.108611
J5 :-0.002645
Robocup frame :
[[0.957409    ,0.279090    ,0.074000    ;
 -0.115831   ,0.606017    ,-0.786973   ;
 -0.264482   ,0.744884    ,0.612534    ]
[0.057562    ,-0.356921   ,0.374406    ]]
Keiser's Torques :
J1 :-0.090667
J2 :-7.456787
J3 :3.943497
J4 :-1.135069
J5 :0.002056
Keiser's frame :
0.190119 -0.264279 -0.964244 0.019082 
0.258529 0.932983 -0.250412 0.249614 
0.965801 -0.244336 0.086762 0.594496 
0.000000 0.000000 0.000000 1.000000 
Luhbot's model torques 
J1: 0.000000
J2: -3.853994
J3: -0.585508
J4: -1.246066
J5: 0.000000

Experiment no. : 37

Robocup-at-work torques :
J1 :-0.033298
J2 :-7.037116
J3 :-3.664000
J4 :-1.163006
J5 :-0.002529
Robocup frame :
[[0.970265    ,0.189639    ,0.150411    ;
 0.006586    ,0.600500    ,-0.799598   ;
 -0.241957   ,0.776812    ,0.581395    ]
[0.089687    ,-0.349195   ,0.376871    ]]
Keiser's Torques :
J1 :-0.028544
J2 :-7.417953
J3 :4.029381
J4 :-1.203775
J5 :0.008858
Keiser's frame :
0.182646 -0.137756 -0.989653 0.038799 
0.235926 0.963752 -0.124584 0.228108 
0.970942 -0.228486 0.071174 0.604062 
0.000000 0.000000 0.000000 1.000000 
Luhbot's model torques 
J1: 0.000000
J2: -3.880778
J3: -0.560859
J4: -1.257269
J5: 0.000000

Experiment no. : 38

Robocup-at-work torques :
J1 :0.006672
J2 :-6.867357
J3 :-3.663769
J4 :-1.188734
J5 :-0.002334
Robocup frame :
[[0.967035    ,0.101342    ,0.233607    ;
 0.132167    ,0.584393    ,-0.800635   ;
 -0.217657   ,0.805118    ,0.551734    ]
[0.122482    ,-0.337523   ,0.379239    ]]
Keiser's Torques :
J1 :0.001383
J2 :-7.223407
J3 :4.018092
J4 :-1.223330
J5 :0.004644
Keiser's frame :
0.172390 -0.003725 -0.998347 0.055781 
0.210172 0.977628 0.008428 0.204384 
0.975980 -0.210308 0.056861 0.612560 
0.000000 0.000000 0.000000 1.000000 
Luhbot's model torques 
J1: 0.000000
J2: -3.897670
J3: -0.533771
J4: -1.266284
J5: 0.000000

Experiment no. : 39

Robocup-at-work torques :
J1 :0.002312
J2 :-6.733634
J3 :-3.683514
J4 :-1.221191
J5 :-0.002018
Robocup frame :
[[0.947072    ,0.016665    ,0.320588    ;
 0.257775    ,0.555715    ,-0.790400   ;
 -0.191327   ,0.831206    ,0.522007    ]
[0.154613    ,-0.322024   ,0.381349    ]]
Keiser's Torques :
J1 :0.001674
J2 :-7.079859
J3 :4.037812
J4 :-1.258415
J5 :0.013831
Keiser's frame :
0.161884 0.134186 -0.988394 0.069278 
0.184792 0.971981 0.145273 0.179752 
0.980194 -0.192994 0.044429 0.619818 
0.000000 0.000000 0.000000 1.000000 
Luhbot's model torques 
J1: 0.000000
J2: -3.904503
J3: -0.504034
J4: -1.273871
J5: 0.000000

Experiment no. : 40

Robocup-at-work torques :
J1 :0.043567
J2 :-6.509683
J3 :-3.657945
J4 :-1.235951
J5 :-0.001793
Robocup frame :
[[0.910209    ,-0.061639   ,0.409536    ;
 0.380728    ,0.513706    ,-0.768864   ;
 -0.162989   ,0.855749    ,0.491048    ]
[0.185340    ,-0.302899   ,0.382934    ]]
Keiser's Torques :
J1 :0.031209
J2 :-6.822664
J3 :3.995371
J4 :-1.263215
J5 :0.005449
Keiser's frame :
0.149540 0.272837 -0.958665 0.078623 
0.158204 0.946105 0.282589 0.154030 
0.984099 -0.174485 0.033238 0.626079 
0.000000 0.000000 0.000000 1.000000 
Luhbot's model torques 
J1: 0.000000
J2: -3.905302
J3: -0.475145
J4: -1.280374
J5: 0.000000

Experiment no. : 41

Robocup-at-work torques :
J1 :-0.001850
J2 :-6.420363
J3 :-3.676074
J4 :-1.258742
J5 :-0.001493
Robocup frame :
[[0.875964    ,-0.109861   ,0.469699    ;
 0.460781    ,0.478652    ,-0.747377   ;
 -0.142715   ,0.871104    ,0.469904    ]
[0.204938    ,-0.287905   ,0.383856    ]]
Keiser's Torques :
J1 :-0.005996
J2 :-6.731682
J3 :4.017566
J4 :-1.290455
J5 :0.009034
Keiser's frame :
0.140404 0.365157 -0.927087 0.082459 
0.140118 0.916819 0.373911 0.136438 
0.986507 -0.161565 0.026474 0.629735 
0.000000 0.000000 0.000000 1.000000 
Luhbot's model torques 
J1: 0.000000
J2: -3.901015
J3: -0.454575
J4: -1.284029
J5: 0.000000

Experiment no. : 42

Robocup-at-work torques :
J1 :0.011911
J2 :-6.128527
J3 :-3.670381
J4 :-1.291350
J5 :-0.000992
Robocup frame :
[[0.771244    ,-0.200368   ,0.604181    ;
 0.629551    ,0.380368    ,-0.677485   ;
 -0.094065   ,0.902869    ,0.419498    ]
[0.245408    ,-0.248271   ,0.384946    ]]
Keiser's Torques :
J1 :0.003763
J2 :-6.409271
J3 :4.001047
J4 :-1.318646
J5 :0.008468
Keiser's frame :
0.117923 0.564660 -0.820784 0.083932 
0.100413 0.814734 0.571074 0.097489 
0.991183 -0.131786 0.013734 0.636169 
0.000000 0.000000 0.000000 1.000000 
Luhbot's model torques 
J1: 0.000000
J2: -3.880929
J3: -0.409455
J4: -1.290366
J5: 0.000000

Experiment no. : 43

Robocup-at-work torques :
J1 :0.043543
J2 :-5.940525
J3 :-3.669165
J4 :-1.312211
J5 :-0.000682
Robocup frame :
[[0.683247    ,-0.244758   ,0.687944    ;
 0.727666    ,0.306467    ,-0.613662   ;
 -0.060634   ,0.919876    ,0.387494    ]
[0.268118    ,-0.217759   ,0.385608    ]]
Keiser's Torques :
J1 :0.030856
J2 :-6.202645
J3 :3.993747
J4 :-1.337754
J5 :0.011104
Keiser's frame :
0.101029 0.683731 -0.725157 0.079325 
0.075392 0.721264 0.688545 0.073286 
0.993809 -0.110859 0.007310 0.639102 
0.000000 0.000000 0.000000 1.000000 
Luhbot's model torques 
J1: 0.000000
J2: -3.855037
J3: -0.375733
J4: -1.292716
J5: 0.000000

Experiment no. : 44

Robocup-at-work torques :
J1 :0.062480
J2 :-5.757804
J3 :-3.673948
J4 :-1.335068
J5 :-0.000339
Robocup frame :
[[0.582985    ,-0.273565   ,0.765043    ;
 0.812090    ,0.225485    ,-0.538207   ;
 -0.025271   ,0.935050    ,0.353614    ]
[0.287005    ,-0.185024   ,0.385582    ]]
Keiser's Torques :
J1 :0.046477
J2 :-6.009227
J3 :3.999451
J4 :-1.364412
J5 :0.011750
Keiser's frame :
0.084580 0.788105 -0.611109 0.071000 
0.053818 0.608740 0.791542 0.051825 
0.995825 -0.091249 0.002469 0.640885 
0.000000 0.000000 0.000000 1.000000 
Luhbot's model torques 
J1: 0.000000
J2: -3.823071
J3: -0.342950
J4: -1.293886
J5: 0.000000

Experiment no. : 45

Robocup-at-work torques :
J1 :0.073670
J2 :-5.527358
J3 :-3.653157
J4 :-1.346949
J5 :0.000026
Robocup frame :
[[0.473397    ,-0.286650   ,0.832903    ;
 0.880792    ,0.143317    ,-0.451293   ;
 0.009994    ,0.947255    ,0.320325    ]
[0.301373    ,-0.150290   ,0.385455    ]]
Keiser's Torques :
J1 :0.056816
J2 :-5.754222
J3 :3.965857
J4 :-1.368021
J5 :0.015588
Keiser's frame :
0.065621 0.873792 -0.482504 0.058439 
0.034237 0.481289 0.875893 0.032997 
0.997573 -0.069630 -0.000733 0.641661 
0.000000 0.000000 0.000000 1.000000 
Luhbot's model torques 
J1: 0.000000
J2: -3.781719
J3: -0.307770
J4: -1.293758
J5: 0.000000

Experiment no. : 46

Robocup-at-work torques :
J1 :0.049025
J2 :-5.339168
J3 :-3.658768
J4 :-1.368084
J5 :0.000436
Robocup frame :
[[0.356735    ,-0.283281   ,0.890220    ;
 0.933045    ,0.060554    ,-0.354627   ;
 0.046553    ,0.957123    ,0.285916    ]
[0.311223    ,-0.114417   ,0.384828    ]]
Keiser's Torques :
J1 :0.031198
J2 :-5.561095
J3 :3.974940
J4 :-1.394274
J5 :0.007588
Keiser's frame :
0.046151 0.938991 -0.341048 0.042856 
0.018640 0.340547 0.940043 0.017945 
0.998835 -0.048204 -0.002343 0.641337 
0.000000 0.000000 0.000000 1.000000 
Luhbot's model torques 
J1: 0.000000
J2: -3.733084
J3: -0.272328
J4: -1.292335
J5: 0.000000

Experiment no. : 47

Robocup-at-work torques :
J1 :0.068655
J2 :-5.090555
J3 :-3.632412
J4 :-1.377552
J5 :0.000825
Robocup frame :
[[0.235818    ,-0.263507   ,0.935390    ;
 0.968152    ,-0.019587   ,-0.249595   ;
 0.084091    ,0.964459    ,0.250496    ]
[0.316415    ,-0.078027   ,0.383743    ]]
Keiser's Torques :
J1 :0.050482
J2 :-5.289727
J3 :3.939936
J4 :-1.401692
J5 :0.017335
Keiser's frame :
0.026711 0.981398 -0.190144 0.025132 
0.007576 0.190008 0.981753 0.007178 
0.999619 -0.027482 -0.002395 0.639937 
0.000000 0.000000 0.000000 1.000000 
Luhbot's model torques 
J1: 0.000000
J2: -3.676590
J3: -0.235966
J4: -1.289532
J5: 0.000000

Experiment no. : 48

Robocup-at-work torques :
J1 :0.070162
J2 :-4.849638
J3 :-3.610093
J4 :-1.387217
J5 :0.001208
Robocup frame :
[[0.114486    ,-0.230922   ,0.966213    ;
 0.985841    ,-0.093543   ,-0.139168   ;
 0.122519    ,0.968465    ,0.216943    ]
[0.316638    ,-0.042150   ,0.382686    ]]
Keiser's Torques :
J1 :0.049873
J2 :-5.030593
J3 :3.910769
J4 :-1.409144
J5 :0.012817
Keiser's frame :
0.005694 0.999382 -0.034691 0.005689 
0.000930 0.034687 0.999398 0.000921 
0.999983 -0.005774 -0.000730 0.637516 
0.000000 0.000000 0.000000 1.000000 
Luhbot's model torques 
J1: 0.000000
J2: -3.610321
J3: -0.196962
J4: -1.285723
J5: 0.000000

Experiment no. : 49

Robocup-at-work torques :
J1 :0.067964
J2 :-4.616236
J3 :-3.589822
J4 :-1.395817
J5 :0.001595
Robocup frame :
[[-0.005139   ,-0.182246   ,0.983239    ;
 0.987068    ,-0.158462   ,-0.024213   ;
 0.160219    ,0.970400    ,0.180704    ]
[0.312637    ,-0.007108   ,0.380803    ]]
Keiser's Torques :
J1 :0.046782
J2 :-4.778934
J3 :3.882076
J4 :-1.413298
J5 :0.009885
Keiser's frame :
-0.014304 0.992521 0.121208 -0.013877 
-0.000610 -0.121229 0.992624 -0.000584 
0.999895 0.014306 0.002362 0.634059 
0.000000 0.000000 0.000000 1.000000 
Luhbot's model torques 
J1: 0.000000
J2: -3.539099
J3: -0.159312
J4: -1.280214
J5: 0.000000

Experiment no. : 50

Robocup-at-work torques :
J1 :0.065571
J2 :-4.369215
J3 :-3.564545
J4 :-1.402825
J5 :0.002009
Robocup frame :
[[-0.120585   ,-0.123810   ,0.984952    ;
 0.972715    ,-0.212840   ,0.092332    ;
 0.198205    ,0.969211    ,0.146097    ]
[0.304118    ,0.026259    ,0.378916    ]]
Keiser's Torques :
J1 :0.045043
J2 :-4.514975
J3 :3.850505
J4 :-1.419038
J5 :0.013846
Keiser's frame :
-0.035732 0.961055 0.274019 -0.033485 
0.002733 -0.274100 0.961697 0.002550 
0.999352 0.035263 0.007210 0.629601 
0.000000 0.000000 0.000000 1.000000 
Luhbot's model torques 
J1: 0.000000
J2: -3.458177
J3: -0.119141
J4: -1.273765
J5: 0.000000

Experiment no. : 51

Robocup-at-work torques :
J1 :0.066689
J2 :-4.167640
J3 :-3.564202
J4 :-1.416384
J5 :0.002408
Robocup frame :
[[-0.229824   ,-0.054134   ,0.971726    ;
 0.944134    ,-0.254724   ,0.209108    ;
 0.236202    ,0.965497    ,0.109651    ]
[0.291711    ,0.057609    ,0.376403    ]]
Keiser's Torques :
J1 :0.045039
J2 :-4.310428
J3 :3.854316
J4 :-1.437541
J5 :0.011433
Keiser's frame :
-0.056735 0.905577 0.420492 -0.051823 
0.010997 -0.420565 0.907196 0.010209 
0.998380 0.055270 0.013520 0.624125 
0.000000 0.000000 0.000000 1.000000 
Luhbot's model torques 
J1: 0.000000
J2: -3.370458
J3: -0.078843
J4: -1.265603
J5: 0.000000

Experiment no. : 52

Robocup-at-work torques :
J1 :0.063999
J2 :-3.877406
J3 :-3.515013
J4 :-1.413825
J5 :0.002815
Robocup frame :
[[-0.331022   ,0.020954    ,0.943390    ;
 0.902869    ,-0.283607   ,0.323103    ;
 0.274323    ,0.958712    ,0.074962    ]
[0.275578    ,0.086163    ,0.373891    ]]
Keiser's Torques :
J1 :0.042080
J2 :-3.992561
J3 :3.789347
J4 :-1.426372
J5 :0.016905
Keiser's frame :
-0.078670 0.827449 0.556524 -0.068415 
0.024199 -0.556419 0.830549 0.022105 
0.996898 0.075672 0.021650 0.617680 
0.000000 0.000000 0.000000 1.000000 
Luhbot's model torques 
J1: 0.000000
J2: -3.272992
J3: 0.006030
J4: -1.256686
J5: 0.000000

Experiment no. : 53

Robocup-at-work torques :
J1 :0.060081
J2 :-3.646676
J3 :-3.501358
J4 :-1.422632
J5 :0.003209
Robocup frame :
[[-0.423578   ,0.102071    ,0.900090    ;
 0.850703    ,-0.296602   ,0.433972    ;
 0.311264    ,0.949531    ,0.038802    ]
[0.256202    ,0.111955    ,0.370844    ]]
Keiser's Torques :
J1 :0.037221
J2 :-3.759247
J3 :3.781156
J4 :-1.444070
J5 :0.013060
Keiser's frame :
-0.099914 0.728361 0.679157 -0.082176 
0.041818 -0.678582 0.733333 0.037867 
0.994995 0.094952 0.031123 0.610237 
0.000000 0.000000 0.000000 1.000000 
Luhbot's model torques 
J1: 0.000000
J2: -3.167122
J3: 0.092161
J4: -1.246000
J5: 0.000000

Experiment no. : 54

Robocup-at-work torques :
J1 :0.054113
J2 :-3.364450
J3 :-3.450007
J4 :-1.415536
J5 :0.003572
Robocup frame :
[[-0.504115   ,0.183713    ,0.843871    ;
 0.790566    ,-0.295188   ,0.536535    ;
 0.347669    ,0.937611    ,0.003572    ]
[0.234734    ,0.133985    ,0.367504    ]]
Keiser's Torques :
J1 :0.030154
J2 :-3.446127
J3 :3.709023
J4 :-1.422000
J5 :0.010852
Keiser's frame :
-0.121131 0.612617 0.783572 -0.092336 
0.063301 -0.782150 0.619867 0.056468 
0.992612 0.113762 0.042180 0.602061 
0.000000 0.000000 0.000000 1.000000 
Luhbot's model torques 
J1: 0.000000
J2: -3.057743
J3: 0.135042
J4: -1.234361
J5: 0.000000

Experiment no. : 55

Robocup-at-work torques :
J1 :0.052952
J2 :-3.120415
J3 :-3.425460
J4 :-1.418588
J5 :0.003967
Robocup frame :
[[-0.574812   ,0.265642    ,0.773967    ;
 0.723146    ,-0.277736   ,0.632394    ;
 0.382949    ,0.923199    ,-0.032452   ]
[0.210921    ,0.152730    ,0.363771    ]]
Keiser's Torques :
J1 :0.029033
J2 :-3.194056
J3 :3.685220
J4 :-1.430327
J5 :0.015601
Keiser's frame :
-0.141267 0.480834 0.869692 -0.098451 
0.087913 -0.866946 0.490587 0.077616 
0.989867 0.131163 0.054403 0.593013 
0.000000 0.000000 0.000000 1.000000 
Luhbot's model torques 
J1: 0.000000
J2: -2.939309
J3: 0.180045
J4: -1.221077
J5: 0.000000

Experiment no. : 56

Robocup-at-work torques :
J1 :0.047464
J2 :-2.861153
J3 :-3.388163
J4 :-1.415215
J5 :0.004305
Robocup frame :
[[-0.634626   ,0.344821    ,0.691627    ;
 0.650520    ,-0.244798   ,0.718956    ;
 0.417220    ,0.906185    ,-0.068958   ]
[0.185460    ,0.167840    ,0.359626    ]]
Keiser's Torques :
J1 :0.022975
J2 :-2.919397
J3 :3.640814
J4 :-1.425018
J5 :0.007772
Keiser's frame :
-0.160875 0.336275 0.934746 -0.100140 
0.115195 -0.930110 0.348749 0.100524 
0.986692 0.147699 0.067998 0.583133 
0.000000 0.000000 0.000000 1.000000 
Luhbot's model torques 
J1: 0.000000
J2: -2.813827
J3: 0.225875
J4: -1.206194
J5: 0.000000

Experiment no. : 57

Robocup-at-work torques :
J1 :0.049270
J2 :-2.619831
J3 :-3.360699
J4 :-1.413685
J5 :0.004674
Robocup frame :
[[-0.683758   ,0.417811    ,0.598254    ;
 0.574198    ,-0.197862   ,0.794448    ;
 0.450301    ,0.886727    ,-0.104616   ]
[0.158883    ,0.179118    ,0.355271    ]]
Keiser's Torques :
J1 :0.024608
J2 :-2.668899
J3 :3.611467
J4 :-1.424789
J5 :0.014352
Keiser's frame :
-0.180658 0.182483 0.976668 -0.097209 
0.145011 -0.969428 0.197940 0.124503 
0.982931 0.164039 0.083297 0.572434 
0.000000 0.000000 0.000000 1.000000 
Luhbot's model torques 
J1: 0.000000
J2: -2.681131
J3: 0.272585
J4: -1.190319
J5: 0.000000

Experiment no. : 58

Robocup-at-work torques :
J1 :0.053849
J2 :-2.434758
J3 :-3.324535
J4 :-1.406272
J5 :0.004864
Robocup frame :
[[-0.709967   ,0.461592    ,0.531864    ;
 0.523432    ,-0.159376   ,0.837029    ;
 0.471133    ,0.872658    ,-0.128461   ]
[0.141165    ,0.184391    ,0.352169    ]]
Keiser's Torques :
J1 :0.029823
J2 :-2.467117
J3 :3.564621
J4 :-1.411396
J5 :0.014897
Keiser's frame :
-0.192896 0.078823 0.990924 -0.092584 
0.164929 -0.981602 0.096204 0.140236 
0.980276 0.173908 0.093884 0.565024 
0.000000 0.000000 0.000000 1.000000 
Luhbot's model torques 
J1: 0.000000
J2: -2.590232
J3: 0.303868
J4: -1.178885
J5: 0.000000

Experiment no. : 59

Robocup-at-work torques :
J1 :0.051066
J2 :-2.042646
J3 :-3.263473
J4 :-1.396513
J5 :0.005331
Robocup frame :
[[-0.753021   ,0.545534    ,0.367902    ;
 0.407043    ,-0.053095   ,0.911865    ;
 0.516987    ,0.836405    ,-0.182074   ]
[0.100679    ,0.190053    ,0.344722    ]]
Keiser's Torques :
J1 :0.028747
J2 :-2.058355
J3 :3.497220
J4 :-1.401912
J5 :0.009929
Keiser's frame :
-0.219339 -0.160857 0.982935 -0.074134 
0.210527 -0.967622 -0.139237 0.174881 
0.973506 0.194508 0.120220 0.546958 
0.000000 0.000000 0.000000 1.000000 
Luhbot's model torques 
J1: 0.000000
J2: -2.368942
J3: 0.378347
J4: -1.150915
J5: 0.000000

Experiment no. : 60

Robocup-at-work torques :
J1 :0.034534
J2 :-1.783075
J3 :-3.221950
J4 :-1.389171
J5 :0.005676
Robocup frame :
[[-0.769498   ,0.585500    ,0.255074    ;
 0.333779    ,0.028186    ,0.942230    ;
 0.544486    ,0.810182    ,-0.217117   ]
[0.075184    ,0.189072    ,0.339444    ]]
Keiser's Torques :
J1 :0.006364
J2 :-1.791791
J3 :3.453827
J4 :-1.396462
J5 :0.011873
Keiser's frame :
-0.235681 -0.312208 0.947482 -0.056587 
0.239372 -0.927224 -0.288023 0.195436 
0.968451 0.206838 0.138998 0.534251 
0.000000 0.000000 0.000000 1.000000 
Luhbot's model torques 
J1: 0.000000
J2: -2.214719
J3: 0.428668
J4: -1.130768
J5: 0.000000

Experiment no. : 61

Robocup-at-work torques :
J1 :0.041762
J2 :-1.515590
J3 :-3.167912
J4 :-1.375023
J5 :0.005910
Robocup frame :
[[-0.778300   ,0.612216    ,0.139429    ;
 0.263079    ,0.116328    ,0.957736    ;
 0.570122    ,0.782086    ,-0.251599   ]
[0.050893    ,0.184727    ,0.333892    ]]
Keiser's Torques :
J1 :0.017223
J2 :-1.505076
J3 :3.388015
J4 :-1.377525
J5 :0.013317
Keiser's frame :
-0.251940 -0.455846 0.888985 -0.034927 
0.267293 -0.862729 -0.429246 0.213672 
0.962624 0.218865 0.159539 0.520779 
0.000000 0.000000 0.000000 1.000000 
Luhbot's model torques 
J1: 0.000000
